1/gravity/z	1/gravity/y	1/gravity/x	/actuator/inflate	/actuator/heatintensity	
16614	9.538468	1.6988326	1.5172262	118.7618	115.13781	
16655	9.538468	1.6988326	1.5172262	118.7618	115.13781	
16695	9.538468	1.6988326	1.5172262	118.7618	115.13781	
16735	9.538468	1.6988326	1.5172262	118.7618	115.13781	
16775	9.538468	1.6988326	1.5172262	118.7618	115.13781	
16816	9.538468	1.6988326	1.5172262	118.7618	115.13781	
16855	9.538468	1.6988326	1.5172262	118.7618	115.13781	
16894	9.538468	1.6988326	1.5172262	118.7618	115.13781	
16934	9.538468	1.6988326	1.5172262	118.7618	115.13781	
16976	9.538468	1.6988326	1.5172262	118.7618	115.13781	
17015	9.538468	1.6988326	1.5172262	118.7618	115.13781	
17054	9.538468	1.6988326	1.5172262	118.7618	115.13781	
17095	9.538468	1.6988326	1.5172262	118.7618	115.13781	
17135	9.538468	1.6988326	1.5172262	118.7618	115.13781	
17175	9.538468	1.6988326	1.5172262	118.7618	115.13781	
17214	9.538468	1.6988326	1.5172262	118.7618	115.13781	
17256	9.538468	1.6988326	1.5172262	118.7618	115.13781	
17294	9.538468	1.6988326	1.5172262	118.7618	115.13781	
17334	9.538468	1.6988326	1.5172262	118.7618	115.13781	
17375	9.538468	1.6988326	1.5172262	118.7618	115.13781	
17414	9.538468	1.6988326	1.5172262	118.7618	115.13781	
17454	9.538468	1.6988326	1.5172262	118.7618	115.13781	
17495	9.538468	1.6988326	1.5172262	118.7618	115.13781	
17534	9.538468	1.6988326	1.5172262	118.7618	115.13781	
17574	9.538468	1.6988326	1.5172262	118.7618	115.13781	
17615	9.538468	1.6988326	1.5172262	118.7618	125.32463	
17654	9.538468	1.6988326	1.5172262	126.72373	125.45528	
17695	9.538468	1.6988326	1.5172262	127.68095	126.29163	
17735	9.538468	1.6988326	1.5172262	129.46172	127.59694	
17775	9.538468	1.6988326	1.5172262	132.65167	130.5163	
17815	9.538468	1.6988326	1.5172262	136.36153	134.03455	
17855	9.538468	1.6988326	1.5172262	139.5387	137.06174	
17895	9.538468	1.6988326	1.5172262	145.379	143.07292	
17934	9.538468	1.6988326	1.5172262	150.06107	147.52141	
17974	9.538468	1.6988326	1.5172262	158.1521	155.43341	
18015	9.538468	1.6988326	1.5172262	163.36852	160.81395	
18057	9.538468	1.6988326	1.5172262	172.95302	169.9615	
18095	9.538468	1.6988326	1.5172262	179.2039	176.24352	
18135	9.538468	1.6988326	1.5172262	184.7587	181.81133	
18175	9.538468	1.6988326	1.5172262	193.31831	189.99405	
18215	9.538468	1.6988326	1.5172262	198.53523	195.31744	
18255	9.538468	1.6988326	1.5172262	203.08968	201.57439	
18294	9.538468	1.6988326	1.5172262	208.67355	204.89476	
18335	9.538468	1.6988326	1.5172262	211.74243	207.69438	
18374	9.538468	1.6988326	1.5172262	213.9917	210.18535	
18415	9.538468	1.6988326	1.5172262	214.51706	210.83157	
18455	9.538468	1.6988326	1.5172262	214.8158	211.30733	
18496	9.538468	1.6988326	1.5172262	212.73404	209.45589	
18534	9.538468	1.6988326	1.5172262	209.21129	206.16592	
18575	9.538468	1.6988326	1.5172262	201.31432	198.64177	
18615	9.538468	1.6988326	1.5172262	195.90201	193.90845	
18656	9.538468	1.6988326	1.5172262	190.34407	188.23561	
18694	9.538468	1.6988326	1.5172262	181.40665	179.41307	
18736	9.538468	1.6988326	1.5172262	175.60973	173.85786	
18775	9.538468	1.6988326	1.5172262	165.75607	164.43489	
18815	9.538468	1.6988326	1.5172262	162.35016	161.32341	
18855	9.538468	1.6988326	1.5172262	153.07675	153.12543	
18895	9.538468	1.6988326	1.5172262	144.44191	144.57263	
18935	9.538468	1.6988326	1.5172262	138.65211	140.04242	
18975	9.538468	1.6988326	1.5172262	133.14519	134.17831	
19015	9.538468	1.6988326	1.5172262	129.05164	132.03488	
19055	9.538468	1.6988326	1.5172262	125.20244	127.4295	
19095	9.538468	1.6988326	1.5172262	112.518196	114.69925	
19134	9.538468	1.6988326	1.5172262	108.28249	112.35905	
19175	9.538468	1.6988326	1.5172262	96.24843	101.34625	
19214	9.538468	1.6988326	1.5172262	88.324875	92.99092	
19256	9.538468	1.6988326	1.5172262	81.47437	85.66145	
19295	9.538468	1.6988326	1.5172262	70.06349	74.819435	
19336	9.538468	1.6988326	1.5172262	63.012245	68.760956	
19375	9.538468	1.6988326	1.5172262	56.92938	59.78499	
19415	9.538468	1.6988326	1.5172262	49.000748	54.13751	
19455	9.538468	1.6988326	1.5172262	44.025154	49.88704	
19494	9.538468	1.6988326	1.5172262	40.436646	45.621532	
19536	9.538468	1.6988326	1.5172262	39.551872	44.299053	
19575	9.538468	1.6988326	1.5172262	39.312496	43.930088	
19615	9.538468	1.6988326	1.5172262	39.312496	43.930088	
19654	9.538468	1.6988326	1.5172262	39.312496	43.930088	
19694	9.538468	1.6988326	1.5172262	39.312496	43.930088	
19735	9.538468	1.6988326	1.5172262	39.312496	43.930088	
19776	9.538468	1.6988326	1.5172262	39.312496	43.930088	
19815	9.538468	1.6988326	1.5172262	39.312496	43.930088	
19854	9.538468	1.6988326	1.5172262	39.312496	43.930088	
19894	9.538468	1.6988326	1.5172262	39.312496	43.930088	
19935	9.538468	1.6988326	1.5172262	39.312496	43.930088	
19974	9.538468	1.6988326	1.5172262	39.312496	43.930088	
20015	9.538468	1.6988326	1.5172262	39.312496	43.930088	
20056	9.538468	1.6988326	1.5172262	38.58851	43.930088	
20095	9.538468	1.6988326	1.5172262	38.58851	43.930088	
20135	9.538468	1.6988326	1.5172262	38.58851	43.930088	
20174	9.538468	1.6988326	1.5172262	38.58851	43.930088	
20215	9.538468	1.6988326	1.5172262	38.58851	43.930088	
20256	9.538468	1.6988326	1.5172262	38.58851	43.930088	
20295	9.538468	1.6988326	1.5172262	38.58851	43.930088	
20335	9.538468	1.6988326	1.5172262	38.58851	43.930088	
20375	9.538468	1.6988326	1.5172262	38.58851	43.930088	
20415	9.538468	1.6988326	1.5172262	38.58851	43.930088	
20456	9.538468	1.6988326	1.5172262	38.58851	43.930088	
20495	9.538468	1.6988326	1.5172262	38.58851	43.930088	
20535	9.538468	1.6988326	1.5172262	38.58851	43.930088	
20574	9.538468	1.6988326	1.5172262	38.58851	43.930088	
20615	9.538468	1.6988326	1.5172262	38.58851	43.930088	
20654	9.538468	1.6988326	1.5172262	38.58851	43.930088	
20695	9.538468	1.6988326	1.5172262	44.594185	53.06753	
20735	9.538468	1.6988326	1.5172262	43.167088	56.443645	
20775	9.538468	1.6988326	1.5172262	40.73064	61.09441	
20815	9.538468	1.6988326	1.5172262	38.771824	69.70562	
20855	9.538468	1.6988326	1.5172262	36.225357	75.413284	
20895	9.538468	1.6988326	1.5172262	33.530766	80.31902	
20935	9.538468	1.6988326	1.5172262	29.974102	89.029564	
20975	9.538468	1.6988326	1.5172262	28.107431	94.76583	
21015	9.538468	1.6988326	1.5172262	25.135492	104.87255	
21055	9.538468	1.6988326	1.5172262	23.115454	111.99097	
21095	9.538468	1.6988326	1.5172262	20.847397	123.86173	
21134	9.538468	1.6988326	1.5172262	19.761074	132.18883	
21176	9.538468	1.6988326	1.5172262	18.811892	141.06914	
21216	9.538468	1.6988326	1.5172262	17.583448	154.86508	
21255	9.538468	1.6988326	1.5172262	16.799793	164.25375	
21294	9.538468	1.6988326	1.5172262	15.549628	177.72345	
21358	9.538468	1.6988326	1.5172262	14.08263	189.34904	
21375	9.538468	1.6988326	1.5172262	13.727476	192.95483	
21414	9.538468	1.6988326	1.5172262	13.1607065	203.31572	
21455	9.538468	1.6988326	1.5172262	12.688035	209.41182	
21495	9.538468	1.6988326	1.5172262	11.973011	218.09535	
21535	9.538468	1.6988326	1.5172262	11.614112	224.13824	
21576	9.538468	1.6988326	1.5172262	11.614112	231.78395	
21615	9.538468	1.6988326	1.5172262	11.614112	236.65886	
21655	9.538468	1.6988326	1.5172262	11.493262	240.20894	
21695	9.538468	1.6988326	1.5172262	11.493262	244.0934	
21735	9.538468	1.6988326	1.5172262	11.493262	245.99121	
21775	9.538468	1.6988326	1.5172262	11.493262	247.47264	
21814	9.538468	1.6988326	1.5172262	11.493262	248.9137	
21855	9.538468	1.6988326	1.5172262	11.493262	249.51283	
21895	9.538468	1.6988326	1.5172262	11.493262	250.22534	
21935	9.538468	1.6988326	1.5172262	11.493262	250.69977	
21976	9.538468	1.6988326	1.5172262	11.493262	251.17381	
22014	9.538468	1.6988326	1.5172262	11.606053	251.17381	
22055	9.538468	1.6988326	1.5172262	12.188462	251.17381	
22094	9.538468	1.6988326	1.5172262	14.188704	250.16548	
22134	9.538468	1.6988326	1.5172262	16.02015	248.53844	
22175	9.538468	1.6988326	1.5172262	18.63999	245.92508	
22215	9.538468	1.6988326	1.5172262	23.220438	240.76967	
22255	9.538468	1.6988326	1.5172262	26.607216	235.77565	
22295	9.538468	1.6988326	1.5172262	32.542427	231.13809	
22335	9.538468	1.6988326	1.5172262	36.187317	222.50192	
22375	9.538468	1.6988326	1.5172262	41.510902	215.01266	
22415	9.538468	1.6988326	1.5172262	47.13219	205.29424	
22455	9.538468	1.6988326	1.5172262	53.239845	198.53061	
22494	9.538468	1.6988326	1.5172262	59.03308	191.4293	
22535	9.538468	1.6988326	1.5172262	67.02158	180.34268	
22575	9.538468	1.6988326	1.5172262	74.15536	173.20888	
22615	9.538468	1.6988326	1.5172262	81.082924	161.95792	
22655	9.538468	1.6988326	1.5172262	86.45556	154.68222	
22695	9.538468	1.6988326	1.5172262	94.835846	145.04224	
22734	9.538468	1.6988326	1.5172262	101.34657	138.74069	
22776	9.538468	1.6988326	1.5172262	108.01321	132.11446	
22816	9.538468	1.6988326	1.5172262	111.75601	126.41831	
22857	9.538468	1.6988326	1.5172262	122.317986	114.06775	
22894	9.538468	1.6988326	1.5172262	127.439125	102.00585	
22935	9.538468	1.6988326	1.5172262	131.22998	93.8784	
22975	9.538468	1.6988326	1.5172262	137.56567	86.91514	
23022	9.538468	1.6988326	1.5172262	143.88145	75.68213	
23056	9.538468	1.6988326	1.5172262	148.57748	67.19132	
23095	9.538468	1.6988326	1.5172262	154.20113	59.389954	
23136	9.538468	1.6988326	1.5172262	160.99272	49.507915	
23174	9.538468	1.6988326	1.5172262	164.50066	44.192005	
23215	9.538468	1.6988326	1.5172262	168.24837	34.895374	
23256	9.538468	1.6988326	1.5172262	171.39774	29.182741	
23295	9.538468	1.6988326	1.5172262	175.58798	24.682848	
23334	9.538468	1.6988326	1.5172262	178.06667	19.844355	
23375	9.538468	1.6988326	1.5172262	179.0165	16.026157	
23416	9.538468	1.6988326	1.5172262	181.52556	10.443936	
23456	9.538468	1.6988326	1.5172262	183.20699	6.1619754	
23495	9.538468	1.6988326	1.5172262	183.81003	2.9536982	
23535	9.538468	1.6988326	1.5172262	184.07144	0.0	
23575	9.538468	1.6988326	1.5172262	184.27278	0.0	
23614	9.538468	1.6988326	1.5172262	184.43399	0.0	
23654	9.538468	1.6988326	1.5172262	183.65732	0.0	
23695	9.538468	1.6988326	1.5172262	182.70232	0.0	
23735	9.538468	1.6988326	1.5172262	182.70232	0.0	
23775	9.538468	1.6988326	1.5172262	182.70232	0.0	
23815	9.538468	1.6988326	1.5172262	182.70232	0.0	
23855	9.538468	1.6988326	1.5172262	182.70232	0.0	
23894	9.538468	1.6988326	1.5172262	182.70232	0.0	
23936	9.538468	1.6988326	1.5172262	182.70232	0.0	
23975	9.538468	1.6988326	1.5172262	182.70232	0.0	
24015	9.538468	1.6988326	1.5172262	182.70232	0.0	
24055	9.538468	1.6988326	1.5172262	182.70232	0.0	
24095	9.538468	1.6988326	1.5172262	182.70232	0.0	
24134	9.538468	1.6988326	1.5172262	182.70232	0.0	
24175	9.538468	1.6988326	1.5172262	182.70232	0.0	
24216	9.538468	1.6988326	1.5172262	182.70232	0.0	
24256	9.538468	1.6988326	1.5172262	182.70232	0.0	
24295	9.538468	1.6988326	1.5172262	182.70232	0.0	
24336	9.538468	1.6988326	1.5172262	182.70232	0.0	
24375	9.538468	1.6988326	1.5172262	182.70232	0.0	
24415	9.538468	1.6988326	1.5172262	182.70232	0.0	
24456	9.538468	1.6988326	1.5172262	182.70232	0.0	
24495	9.538468	1.6988326	1.5172262	182.70232	0.0	
24535	9.538468	1.6988326	1.5172262	182.70232	0.0	
24576	9.538468	1.6988326	1.5172262	182.70232	0.0	
24615	9.538468	1.6988326	1.5172262	182.70232	0.0	
24655	9.538468	1.6988326	1.5172262	182.70232	0.0	
24696	9.538468	1.6988326	1.5172262	182.70232	0.0	
24735	9.538468	1.6988326	1.5172262	182.70232	0.0	
24775	9.538468	1.6988326	1.5172262	182.70232	0.0	
24816	9.538468	1.6988326	1.5172262	182.70232	0.0	
24855	9.538468	1.6988326	1.5172262	182.70232	0.0	
