frame	1/gravity/z	1/gravity/y	1/gravity/x	/actuator/heatintensity	/actuator/inflate	
1	8.62743	0.5908714	4.6247935	0.0	0.0	
2	8.62743	0.5908714	4.6247935	0.0	0.0	
3	8.62743	0.5908714	4.6247935	0.0	0.0	
4	8.62743	0.5908714	4.6247935	0.0	0.0	
5	8.62743	0.5908714	4.6247935	0.0	0.0	
6	8.62743	0.5908714	4.6247935	0.0	0.0	
7	8.62743	0.5908714	4.6247935	0.0	0.0	
8	8.628341	0.59126097	4.6230435	0.0	0.0	
9	8.628341	0.59126097	4.6230435	0.0	0.0	
10	8.628341	0.59126097	4.6230435	0.0	0.0	
11	8.628341	0.59126097	4.6230435	0.0	0.0	
12	8.628341	0.59126097	4.6230435	0.0	0.0	
13	8.628341	0.59126097	4.6230435	0.0	0.0	
14	8.628341	0.59126097	4.6230435	0.0	0.0	
15	8.631017	0.58330274	4.6190577	0.0	0.0	
16	8.631017	0.58330274	4.6190577	0.0	0.0	
17	8.631017	0.58330274	4.6190577	0.0	0.0	
18	8.631017	0.58330274	4.6190577	0.0	0.0	
19	8.631017	0.58330274	4.6190577	0.0	0.0	
20	8.631017	0.58330274	4.6190577	0.0	0.0	
21	8.631017	0.58330274	4.6190577	0.0	0.0	
22	8.631017	0.58330274	4.6190577	0.0	0.0	
23	8.631017	0.58330274	4.6190577	0.0	0.0	
24	8.631017	0.58330274	4.6190577	0.0	0.0	
25	8.631017	0.58330274	4.6190577	0.0	0.0	
26	8.631017	0.58330274	4.6190577	0.0	0.0	
27	8.640775	0.57100207	4.6023216	0.0	0.0	
28	8.640775	0.57100207	4.6023216	0.0	0.0	
29	8.640775	0.57100207	4.6023216	0.0	0.0	
30	8.640775	0.57100207	4.6023216	0.0	0.0	
31	8.640775	0.57100207	4.6023216	0.0	0.0	
32	8.640775	0.57100207	4.6023216	0.0	0.0	
33	8.640775	0.57100207	4.6023216	0.0	0.0	
34	8.640775	0.57100207	4.6023216	0.0	0.0	
35	8.640775	0.57100207	4.6023216	0.0	0.0	
36	8.640775	0.57100207	4.6023216	0.0	0.0	
37	8.640775	0.57100207	4.6023216	0.0	0.0	
38	8.640775	0.57100207	4.6023216	0.0	0.0	
39	8.66544	0.58824766	4.5535164	0.0	0.0	
40	8.66544	0.58824766	4.5535164	0.0	0.0	
41	8.66544	0.58824766	4.5535164	0.0	0.0	
42	8.66544	0.58824766	4.5535164	0.0	0.0	
43	8.66544	0.58824766	4.5535164	0.0	0.0	
44	8.66544	0.58824766	4.5535164	0.0	0.0	
45	8.652891	0.60276103	4.5754275	0.0	0.0	
46	8.652891	0.60276103	4.5754275	0.0	0.0	
47	8.652891	0.60276103	4.5754275	0.0	0.0	
48	8.652891	0.60276103	4.5754275	0.0	0.0	
49	8.652891	0.60276103	4.5754275	0.0	0.0	
50	8.652891	0.60276103	4.5754275	0.0	0.0	
51	8.652891	0.60276103	4.5754275	0.0	0.0	
52	8.652891	0.60276103	4.5754275	0.0	0.0	
53	8.652891	0.60276103	4.5754275	0.0	0.0	
54	8.652891	0.60276103	4.5754275	0.0	0.0	
55	8.652891	0.60276103	4.5754275	0.0	0.0	
56	8.652891	0.60276103	4.5754275	0.0	0.0	
57	8.656173	0.60176265	4.569348	0.0	0.0	
58	8.656173	0.60176265	4.569348	0.0	0.0	
59	8.656173	0.60176265	4.569348	0.0	0.0	
60	8.656173	0.60176265	4.569348	0.0	0.0	
61	8.656173	0.60176265	4.569348	0.0	0.0	
62	8.656173	0.60176265	4.569348	0.0	0.0	
63	8.656173	0.60176265	4.569348	0.0	0.0	
64	8.656173	0.60176265	4.569348	0.0	0.0	
65	8.656173	0.60176265	4.569348	0.0	0.0	
66	8.656173	0.60176265	4.569348	0.0	0.0	
67	8.656173	0.60176265	4.569348	0.0	0.0	
68	8.656173	0.60176265	4.569348	0.0	0.0	
69	8.660334	0.59064347	4.5629106	0.0	0.0	
70	8.660334	0.59064347	4.5629106	0.0	0.0	
71	8.660334	0.59064347	4.5629106	0.0	0.0	
72	8.660334	0.59064347	4.5629106	0.0	0.0	
73	8.660334	0.59064347	4.5629106	0.0	0.0	
74	8.660334	0.59064347	4.5629106	0.0	0.0	
75	8.660334	0.59064347	4.5629106	0.0	0.0	
76	8.660334	0.59064347	4.5629106	0.0	0.0	
77	8.660334	0.59064347	4.5629106	0.0	0.0	
78	8.654931	0.5976076	4.5722456	0.0	0.0	
79	8.654931	0.5976076	4.5722456	0.0	0.0	
80	8.654931	0.5976076	4.5722456	0.0	0.0	
81	8.654931	0.5976076	4.5722456	0.0	0.0	
82	8.654931	0.5976076	4.5722456	0.0	0.0	
83	8.654931	0.5976076	4.5722456	0.0	0.0	
84	8.654931	0.5976076	4.5722456	0.0	0.0	
85	8.654931	0.5976076	4.5722456	0.0	0.0	
86	8.654931	0.5976076	4.5722456	0.0	0.0	
87	8.654931	0.5976076	4.5722456	0.0	0.0	
88	8.654931	0.5976076	4.5722456	0.0	0.0	
89	8.654931	0.5976076	4.5722456	0.0	0.0	
90	8.655592	0.6025877	4.57034	0.0	0.0	
91	8.655592	0.6025877	4.57034	0.0	0.0	
92	8.655592	0.6025877	4.57034	0.0	0.0	
93	8.655592	0.6025877	4.57034	0.0	0.0	
94	8.647197	0.6062116	4.5857263	0.0	0.0	
95	8.647197	0.6062116	4.5857263	0.0	0.0	
96	8.647197	0.6062116	4.5857263	0.0	7.974913	
97	8.647197	0.6062116	4.5857263	0.0	8.234976	
98	8.647197	0.6062116	4.5857263	0.0	8.474194	
99	8.647197	0.6062116	4.5857263	0.0	8.713516	
100	8.647197	0.6062116	4.5857263	0.0	8.952216	
101	8.647197	0.6062116	4.5857263	0.0	9.189137	
102	8.647197	0.6062116	4.5857263	0.0	9.4299345	
103	8.647197	0.6062116	4.5857263	0.0	9.667598	
104	8.647197	0.6062116	4.5857263	0.0	9.905195	
105	8.647197	0.6062116	4.5857263	0.0	10.140058	
106	8.647197	0.6062116	4.5857263	0.0	10.381878	
107	8.63388	0.620622	4.6088324	0.0	10.550473	
108	8.63388	0.620622	4.6088324	0.0	10.668469	
109	8.63388	0.620622	4.6088324	0.0	10.668469	
110	8.63388	0.620622	4.6088324	0.0	10.668469	
111	8.63388	0.620622	4.6088324	0.0	10.668469	
112	8.63388	0.620622	4.6088324	0.0	10.668469	
113	8.63388	0.620622	4.6088324	0.0	10.731762	
114	8.63388	0.620622	4.6088324	0.0	10.731762	
115	8.63388	0.620622	4.6088324	0.0	10.731762	
116	8.63388	0.620622	4.6088324	0.0	10.852612	
117	8.63388	0.620622	4.6088324	0.0	10.852612	
118	8.63388	0.620622	4.6088324	0.0	10.852612	
119	8.604714	0.6381898	4.6606855	0.0	11.186284	
120	8.604714	0.6381898	4.6606855	0.0	11.425515	
121	8.604714	0.6381898	4.6606855	0.0	11.902609	
122	8.604714	0.6381898	4.6606855	0.0	11.902609	
123	8.604714	0.6381898	4.6606855	0.0	12.377697	
124	8.604714	0.6381898	4.6606855	0.0	12.617101	
125	8.570276	0.66393316	4.7201633	0.0	12.617101	
126	8.570276	0.66393316	4.7201633	0.0	13.046675	
127	8.570276	0.66393316	4.7201633	0.0	13.520728	
128	8.570276	0.66393316	4.7201633	0.0	13.998206	
129	8.570276	0.66393316	4.7201633	0.0	14.472128	
130	8.570276	0.66393316	4.7201633	0.0	14.949009	
131	8.537902	0.68819094	4.77504	0.0	15.42682	
132	8.537902	0.68819094	4.77504	0.0	16.077793	
133	8.537902	0.68819094	4.77504	0.0	16.85664	
134	8.537902	0.68819094	4.77504	0.0	17.975824	
135	8.537902	0.68819094	4.77504	0.0	19.055391	
136	8.537902	0.68819094	4.77504	0.0	20.240618	
137	8.493249	0.7134338	4.8503723	0.0	21.568321	
138	8.493249	0.7134338	4.8503723	0.0	22.751743	
139	8.493249	0.7134338	4.8503723	0.0	23.949501	
140	8.493249	0.7134338	4.8503723	0.0	25.1321	
141	8.493249	0.7134338	4.8503723	0.0	26.7501	
142	8.493249	0.7134338	4.8503723	0.0	28.28935	
143	8.493249	0.7134338	4.8503723	0.0	30.109406	
144	8.493249	0.7134338	4.8503723	0.0	31.757677	
145	8.493249	0.7134338	4.8503723	0.0	33.28988	
146	8.493249	0.7134338	4.8503723	0.0	34.726845	
147	8.493249	0.7134338	4.8503723	0.0	36.15693	
148	8.493249	0.7134338	4.8503723	0.0	37.821377	
149	8.448619	0.73227865	4.924935	0.0	39.46852	
150	8.448619	0.73227865	4.924935	0.0	41.17253	
151	8.448619	0.73227865	4.924935	0.0	42.82547	
152	8.448619	0.73227865	4.924935	0.0	44.389153	
153	8.448619	0.73227865	4.924935	0.0	45.60459	
154	8.448619	0.73227865	4.924935	0.0	46.907097	
155	8.448619	0.73227865	4.924935	0.0	48.32154	
156	8.448619	0.73227865	4.924935	0.0	49.850723	
157	8.448619	0.73227865	4.924935	0.0	51.515797	
158	8.448619	0.73227865	4.924935	0.0	52.97496	
159	8.448619	0.73227865	4.924935	0.0	54.52354	
160	8.448619	0.73227865	4.924935	0.0	55.839188	
161	8.403479	0.7409883	5.000288	0.0	57.150074	
162	8.403479	0.7409883	5.000288	0.0	58.653862	
163	8.403479	0.7409883	5.000288	0.0	60.516716	
164	8.403479	0.7409883	5.000288	0.0	62.63587	
165	8.403479	0.7409883	5.000288	0.0	64.633995	
166	8.403479	0.7409883	5.000288	0.0	66.424736	
167	8.347412	0.7395276	5.093545	0.0	68.151184	
168	8.347412	0.7395276	5.093545	0.0	70.28978	
169	8.347412	0.7395276	5.093545	0.0	72.49976	
170	8.347412	0.7395276	5.093545	0.0	74.77415	
171	8.347412	0.7395276	5.093545	0.0	76.90958	
172	8.347412	0.7395276	5.093545	0.0	78.79204	
173	8.347412	0.7395276	5.093545	0.0	80.88641	
174	8.347412	0.7395276	5.093545	0.0	82.85147	
175	8.347412	0.7395276	5.093545	0.0	85.03438	
176	8.347412	0.7395276	5.093545	0.0	87.03607	
177	8.347412	0.7395276	5.093545	0.0	88.535286	
178	8.347412	0.7395276	5.093545	0.0	90.501	
179	8.347412	0.7395276	5.093545	0.0	92.64681	
180	8.295577	0.73917544	5.1775875	0.0	94.7701	
181	8.295577	0.73917544	5.1775875	0.0	96.81871	
182	8.295577	0.73917544	5.1775875	0.0	98.306076	
183	8.295577	0.73917544	5.1775875	0.0	99.876205	
184	8.295577	0.73917544	5.1775875	0.0	101.9317	
185	8.295577	0.73917544	5.1775875	0.0	103.82713	
186	8.255505	0.7452648	5.2403836	0.0	105.73743	
187	8.255505	0.7452648	5.2403836	0.0	107.768486	
188	8.255505	0.7452648	5.2403836	0.0	109.315926	
189	8.255505	0.7452648	5.2403836	0.0	111.468346	
190	8.255505	0.7452648	5.2403836	0.0	113.6051	
191	8.255505	0.7452648	5.2403836	0.0	115.86821	
192	8.255505	0.7452648	5.2403836	0.0	117.915596	
193	8.255505	0.7452648	5.2403836	0.0	119.69766	
194	8.255505	0.7452648	5.2403836	0.0	121.393524	
195	8.255505	0.7452648	5.2403836	0.0	123.35067	
196	8.255505	0.7452648	5.2403836	0.0	125.50603	
197	8.255505	0.7452648	5.2403836	0.0	127.31573	
198	8.205724	0.75910485	5.316037	0.0	128.82568	
199	8.205724	0.75910485	5.316037	0.0	130.24759	
200	8.205724	0.75910485	5.316037	0.0	131.76456	
201	8.205724	0.75910485	5.316037	0.0	133.59422	
202	8.205724	0.75910485	5.316037	0.0	135.62204	
203	8.205724	0.75910485	5.316037	0.0	137.31396	
204	8.205724	0.75910485	5.316037	0.0	138.99854	
205	8.205724	0.75910485	5.316037	0.0	140.53981	
206	8.205724	0.75910485	5.316037	0.0	142.21306	
207	8.205724	0.75910485	5.316037	0.0	144.30287	
208	8.205724	0.75910485	5.316037	0.0	146.3193	
209	8.205724	0.75910485	5.316037	0.0	148.29929	
210	8.150767	0.74952424	5.4012585	0.0	150.04411	
211	8.150767	0.74952424	5.4012585	0.0	151.42906	
212	8.150767	0.74952424	5.4012585	0.0	153.14212	
213	8.150767	0.74952424	5.4012585	0.0	154.97353	
214	8.150767	0.74952424	5.4012585	0.0	156.88152	
215	8.150767	0.74952424	5.4012585	0.0	158.63223	
216	8.092379	0.7587932	5.487079	0.0	160.42053	
217	8.092379	0.7587932	5.487079	0.0	161.81671	
218	8.092379	0.7587932	5.487079	0.0	163.51575	
219	8.092379	0.7587932	5.487079	0.0	165.43875	
220	8.092379	0.7587932	5.487079	0.0	167.31606	
221	8.092379	0.7587932	5.487079	0.0	169.22853	
222	8.092379	0.7587932	5.487079	0.0	170.90837	
223	8.092379	0.7587932	5.487079	0.0	172.45197	
224	8.092379	0.7587932	5.487079	0.0	174.38753	
225	8.092379	0.7587932	5.487079	0.0	176.64706	
226	8.092379	0.7587932	5.487079	0.0	179.03789	
227	8.092379	0.7587932	5.487079	0.0	181.18472	
228	8.037712	0.7738732	5.5647726	0.0	183.33324	
229	8.037712	0.7738732	5.5647726	0.0	185.70297	
230	8.037712	0.7738732	5.5647726	0.0	188.08922	
231	8.037712	0.7738732	5.5647726	0.0	190.48177	
232	8.037712	0.7738732	5.5647726	0.0	192.43318	
233	8.037712	0.7738732	5.5647726	0.0	194.20561	
234	8.037712	0.7738732	5.5647726	0.0	196.31903	
235	8.037712	0.7738732	5.5647726	0.0	198.47188	
236	8.037712	0.7738732	5.5647726	0.0	200.32414	
237	8.037712	0.7738732	5.5647726	0.0	201.92409	
238	8.037712	0.7738732	5.5647726	0.0	203.19992	
239	8.037712	0.7738732	5.5647726	0.0	204.15154	
240	8.015924	0.78144705	5.59506	0.0	204.8439	
241	8.015924	0.78144705	5.59506	0.0	205.2528	
242	8.015924	0.78144705	5.59506	0.0	205.4898	
243	8.015924	0.78144705	5.59506	0.0	205.7288	
244	8.015924	0.78144705	5.59506	0.0	205.7886	
245	8.015924	0.78144705	5.59506	0.0	205.50311	
246	7.979482	0.7846841	5.6464615	0.0	204.44348	
247	7.979482	0.7846841	5.6464615	0.0	201.75336	
248	7.979482	0.7846841	5.6464615	0.0	198.0789	
249	7.979482	0.7846841	5.6464615	0.0	194.88943	
250	7.979482	0.7846841	5.6464615	0.0	190.70311	
251	7.979482	0.7846841	5.6464615	0.0	186.88412	
252	7.979482	0.7846841	5.6464615	0.0	183.86282	
253	7.979482	0.7846841	5.6464615	0.0	180.74681	
254	7.979482	0.7846841	5.6464615	0.0	177.70486	
255	7.979482	0.7846841	5.6464615	0.0	175.82748	
256	7.979482	0.7846841	5.6464615	0.0	174.5528	
257	7.979482	0.7846841	5.6464615	0.0	173.73929	
258	7.979482	0.7846841	5.6464615	0.0	173.26854	
259	7.9551716	0.7519298	5.685088	0.0	173.03354	
260	7.9551716	0.7519298	5.685088	0.0	173.03354	
261	7.9551716	0.7519298	5.685088	0.0	173.03354	
262	7.9551716	0.7519298	5.685088	0.0	173.03354	
263	7.9551716	0.7519298	5.685088	0.0	173.38943	
264	7.9551716	0.7519298	5.685088	0.0	173.96056	
265	8.0224085	0.7355049	5.591994	0.0	175.45111	
266	8.0224085	0.7355049	5.591994	0.0	177.75969	
267	8.0224085	0.7355049	5.591994	0.0	180.39294	
268	8.0224085	0.7355049	5.591994	0.0	182.87712	
269	8.0224085	0.7355049	5.591994	0.0	185.37743	
270	8.0224085	0.7355049	5.591994	0.0	187.71503	
271	8.0224085	0.7355049	5.591994	0.0	189.48723	
272	8.0224085	0.7355049	5.591994	0.0	190.64201	
273	8.0224085	0.7355049	5.591994	0.0	191.32135	
274	8.0224085	0.7355049	5.591994	0.0	191.72174	
275	8.0224085	0.7355049	5.591994	0.0	191.96053	
276	8.0224085	0.7355049	5.591994	0.0	192.1322	
277	8.156111	0.6614428	5.4046965	0.0	192.0683	
278	8.156111	0.6614428	5.4046965	0.0	191.34712	
279	8.156111	0.6614428	5.4046965	0.0	189.86456	
280	8.156111	0.6614428	5.4046965	0.0	187.96225	
281	8.156111	0.6614428	5.4046965	0.0	186.3339	
282	8.156111	0.6614428	5.4046965	0.0	184.4959	
283	8.156111	0.6614428	5.4046965	0.0	182.42072	
284	8.156111	0.6614428	5.4046965	0.0	179.97205	
285	8.156111	0.6614428	5.4046965	0.0	177.78818	
286	8.156111	0.6614428	5.4046965	0.0	175.90205	
287	8.156111	0.6614428	5.4046965	0.0	174.07812	
288	8.156111	0.6614428	5.4046965	0.0	171.63739	
289	8.156111	0.6614428	5.4046965	0.0	168.7538	
290	8.274377	0.54924804	5.234826	0.0	166.44228	
291	8.274377	0.54924804	5.234826	0.0	164.43358	
292	8.274377	0.54924804	5.234826	0.0	161.77719	
293	8.274377	0.54924804	5.234826	0.0	158.6264	
294	8.274377	0.54924804	5.234826	0.0	156.02266	
295	8.274377	0.54924804	5.234826	0.0	153.8851	
296	8.34718	0.50146043	5.122842	0.0	151.26299	
297	8.34718	0.50146043	5.122842	0.0	148.40536	
298	8.34718	0.50146043	5.122842	0.0	145.99875	
299	8.34718	0.50146043	5.122842	0.0	144.08636	
300	8.34718	0.50146043	5.122842	0.0	142.17764	
301	8.34718	0.50146043	5.122842	0.0	139.71977	
302	8.34718	0.50146043	5.122842	0.0	137.09956	
303	8.34718	0.50146043	5.122842	0.0	134.78223	
304	8.34718	0.50146043	5.122842	0.0	130.98746	
305	8.34718	0.50146043	5.122842	0.0	130.98746	
306	8.34718	0.50146043	5.122842	0.0	128.27037	
307	8.34718	0.50146043	5.122842	0.0	125.83331	
308	8.386733	0.5038823	5.0575886	0.0	123.67884	
309	8.386733	0.5038823	5.0575886	0.0	121.688545	
310	8.386733	0.5038823	5.0575886	0.0	119.04961	
311	8.386733	0.5038823	5.0575886	0.0	116.27045	
312	8.386733	0.5038823	5.0575886	0.0	114.041504	
313	8.386733	0.5038823	5.0575886	0.0	112.13813	
314	8.436068	0.50167996	4.9750853	0.0	109.98658	
315	8.436068	0.50167996	4.9750853	0.0	107.35393	
316	8.436068	0.50167996	4.9750853	0.0	103.16718	
317	8.436068	0.50167996	4.9750853	0.0	103.16718	
318	8.436068	0.50167996	4.9750853	0.0	101.33943	
319	8.436068	0.50167996	4.9750853	0.0	99.25486	
320	8.436068	0.50167996	4.9750853	0.0	96.76034	
321	8.436068	0.50167996	4.9750853	0.0	94.71514	
322	8.436068	0.50167996	4.9750853	0.0	91.33251	
323	8.436068	0.50167996	4.9750853	0.0	91.33251	
324	8.436068	0.50167996	4.9750853	0.0	89.3801	
325	8.436068	0.50167996	4.9750853	0.0	87.19591	
326	8.436068	0.50167996	4.9750853	0.0	84.94287	
327	8.473872	0.49960795	4.910629	0.0	82.95804	
328	8.473872	0.49960795	4.910629	0.0	81.31756	
329	8.473872	0.49960795	4.910629	0.0	79.63011	
330	8.473872	0.49960795	4.910629	0.0	77.71065	
331	8.473872	0.49960795	4.910629	0.0	75.550285	
332	8.473872	0.49960795	4.910629	0.0	73.5318	
333	8.473872	0.49960795	4.910629	0.0	71.75611	
334	8.473872	0.49960795	4.910629	0.0	70.44228	
335	8.473872	0.49960795	4.910629	0.0	69.13469	
336	8.473872	0.49960795	4.910629	0.0	67.70249	
337	8.473872	0.49960795	4.910629	0.0	66.39012	
338	8.473872	0.49960795	4.910629	0.0	64.961075	
339	8.499332	0.525721	4.8636775	0.0	63.642826	
340	8.499332	0.525721	4.8636775	0.0	62.44313	
341	8.499332	0.525721	4.8636775	0.0	61.347744	
342	8.499332	0.525721	4.8636775	0.0	60.400444	
343	8.499332	0.525721	4.8636775	0.0	59.56017	
344	8.499332	0.525721	4.8636775	0.0	58.606827	
345	8.519243	0.54243326	4.826867	0.0	57.651615	
346	8.519243	0.54243326	4.826867	0.0	56.497856	
347	8.519243	0.54243326	4.826867	0.0	55.30677	
348	8.519243	0.54243326	4.826867	0.0	54.11362	
349	8.519243	0.54243326	4.826867	0.0	52.928947	
350	8.519243	0.54243326	4.826867	0.0	51.728413	
351	8.519243	0.54243326	4.826867	0.0	50.719173	
352	8.519243	0.54243326	4.826867	0.0	49.822952	
353	8.519243	0.54243326	4.826867	0.0	49.114437	
354	8.519243	0.54243326	4.826867	0.0	48.226826	
355	8.519243	0.54243326	4.826867	0.0	47.386345	
356	8.519243	0.54243326	4.826867	0.0	46.442005	
357	8.537532	0.54833007	4.793775	0.0	45.372265	
358	8.537532	0.54833007	4.793775	0.0	44.23195	
359	8.537532	0.54833007	4.793775	0.0	43.060356	
360	8.537532	0.54833007	4.793775	0.0	41.981476	
361	8.537532	0.54833007	4.793775	0.0	40.910435	
362	8.537532	0.54833007	4.793775	0.0	39.989033	
363	8.551829	0.5536422	4.7676086	0.0	39.302383	
364	8.551829	0.5536422	4.7676086	0.0	38.461727	
365	8.551829	0.5536422	4.7676086	0.0	37.754486	
366	8.551829	0.5536422	4.7676086	0.0	36.91978	
367	8.551829	0.5536422	4.7676086	0.0	35.938797	
368	8.551829	0.5536422	4.7676086	0.0	34.992443	
369	8.551829	0.5536422	4.7676086	0.0	33.914684	
370	8.551829	0.5536422	4.7676086	0.0	32.718185	
371	8.551829	0.5536422	4.7676086	0.0	31.642551	
372	8.551829	0.5536422	4.7676086	0.0	30.570301	
373	8.551829	0.5536422	4.7676086	0.0	28.896364	
374	8.551829	0.5536422	4.7676086	0.0	28.896364	
375	8.566411	0.55520153	4.741175	0.0	28.178034	
376	8.566411	0.55520153	4.741175	0.0	27.464033	
377	8.566411	0.55520153	4.741175	0.0	26.874998	
378	8.566411	0.55520153	4.741175	0.0	25.222466	
379	8.566411	0.55520153	4.741175	0.0	25.222466	
380	8.566411	0.55520153	4.741175	0.0	22.99214	
381	8.566411	0.55520153	4.741175	0.0	22.99214	
382	8.566411	0.55520153	4.741175	0.0	20.812191	
383	8.566411	0.55520153	4.741175	0.0	20.812191	
384	8.566411	0.55520153	4.741175	0.0	19.931108	
385	8.566411	0.55520153	4.741175	0.0	19.2157	
386	8.566411	0.55520153	4.741175	0.0	18.50069	
387	8.566411	0.55520153	4.741175	0.0	17.971045	
388	8.575246	0.5622176	4.724346	0.0	17.017296	
389	8.575246	0.5622176	4.724346	0.0	17.017296	
390	8.575246	0.5622176	4.724346	0.0	16.541344	
391	8.575246	0.5622176	4.724346	0.0	16.2385	
392	8.575246	0.5622176	4.724346	0.0	16.000013	
393	8.575246	0.5720388	4.7115383	0.0	15.761209	
394	8.581641	0.5720388	4.7115383	0.0	15.761209	
395	8.581641	0.5720388	4.7115383	0.0	15.761209	
396	8.581641	0.5720388	4.7115383	0.0	15.807587	
397	8.581641	0.5720388	4.7115383	0.0	15.807587	
398	8.581641	0.5720388	4.7115383	0.0	15.807587	
399	8.581641	0.5720388	4.7115383	0.0	16.313425	
400	8.581641	0.5720388	4.7115383	0.0	16.313425	
401	8.581641	0.5720388	4.7115383	0.0	16.551088	
402	8.581641	0.5720388	4.7115383	0.0	16.932613	
403	8.581641	0.5720388	4.7115383	0.0	17.545082	
404	8.581641	0.5720388	4.7115383	0.0	18.76167	
405	8.581641	0.5720388	4.7115383	0.0	20.314081	
406	8.585905	0.5755558	4.703335	0.0	21.992956	
407	8.585905	0.5755558	4.703335	0.0	23.533749	
408	8.585905	0.5755558	4.703335	0.0	24.969706	
409	8.585905	0.5755558	4.703335	0.0	26.408752	
410	8.585905	0.5755558	4.703335	0.0	28.048382	
411	8.585905	0.5755558	4.703335	0.0	31.649216	
412	8.585905	0.5755558	4.703335	0.0	31.649216	
413	8.585905	0.5755558	4.703335	0.0	33.091995	
414	8.585905	0.5755558	4.703335	0.0	34.428715	
415	8.585905	0.5755558	4.703335	0.0	36.478947	
416	8.585905	0.5755558	4.703335	0.0	36.478947	
417	8.585905	0.5755558	4.703335	0.0	37.43231	
418	8.56473	0.6055638	4.7380466	0.0	38.58801	
419	8.56473	0.6055638	4.7380466	0.0	39.98133	
420	8.56473	0.6055638	4.7380466	0.0	41.415154	
421	8.56473	0.6055638	4.7380466	0.0	42.759323	
422	8.56473	0.6055638	4.7380466	0.0	43.961803	
423	8.56473	0.6055638	4.7380466	0.0	44.962646	
424	8.5191555	0.63157475	4.8161697	0.0	45.914482	
425	8.5191555	0.63157475	4.8161697	0.0	47.701668	
426	8.5191555	0.63157475	4.8161697	0.0	47.701668	
427	8.5191555	0.63157475	4.8161697	0.0	49.964905	
428	8.5191555	0.63157475	4.8161697	0.0	49.964905	
429	8.5191555	0.63157475	4.8161697	0.0	51.2242	
430	8.5191555	0.63157475	4.8161697	0.0	52.40371	
431	8.5191555	0.63157475	4.8161697	0.0	53.482864	
432	8.5191555	0.63157475	4.8161697	0.0	54.67562	
433	8.5191555	0.63157475	4.8161697	0.0	56.545967	
434	8.5191555	0.63157475	4.8161697	0.0	56.545967	
435	8.5191555	0.63157475	4.8161697	0.0	57.373455	
436	8.460447	0.65391445	4.915651	0.0	58.055984	
437	8.460447	0.65391445	4.915651	0.0	58.91244	
438	8.460447	0.65391445	4.915651	0.0	59.870605	
439	8.460447	0.65391445	4.915651	0.0	60.959187	
440	8.460447	0.65391445	4.915651	0.0	62.028584	
441	8.460447	0.65391445	4.915651	0.0	63.095787	
442	8.374519	0.6697436	5.0585823	0.0	64.28707	
443	8.374519	0.6697436	5.0585823	0.0	65.242645	
444	8.374519	0.6697436	5.0585823	0.0	66.20429	
445	8.374519	0.6697436	5.0585823	0.0	67.15753	
446	8.374519	0.6697436	5.0585823	0.0	68.11056	
447	8.374519	0.6697436	5.0585823	0.0	69.070946	
448	8.374519	0.6697436	5.0585823	0.0	70.24995	
449	8.374519	0.6697436	5.0585823	0.0	71.6622	
450	8.374519	0.6697436	5.0585823	0.0	73.08842	
451	8.374519	0.6697436	5.0585823	0.0	74.52288	
452	8.374519	0.6697436	5.0585823	0.0	75.95153	
453	8.374519	0.6697436	5.0585823	0.0	77.17224	
454	8.294783	0.6840974	5.186422	0.0	78.27282	
455	8.294783	0.6840974	5.186422	0.0	79.51084	
456	8.294783	0.6840974	5.186422	0.0	80.93994	
457	8.294783	0.6840974	5.186422	0.0	82.65072	
458	8.294783	0.6840974	5.186422	0.0	84.35933	
459	8.294783	0.6840974	5.186422	0.0	85.960144	
460	8.294783	0.6840974	5.186422	0.0	87.39021	
461	8.294783	0.6840974	5.186422	0.0	88.64165	
462	8.294783	0.6840974	5.186422	0.0	90.01729	
463	8.294783	0.6840974	5.186422	0.0	91.67842	
464	8.294783	0.6840974	5.186422	0.0	93.69874	
465	8.294783	0.6840974	5.186422	0.0	95.72915	
466	8.24262	0.6897972	5.268186	0.0	97.44806	
467	8.24262	0.6897972	5.268186	0.0	98.85549	
468	8.24262	0.6897972	5.268186	0.0	100.45578	
469	8.24262	0.6897972	5.268186	0.0	102.56909	
470	8.24262	0.6897972	5.268186	0.0	104.88171	
471	8.24262	0.6897972	5.268186	0.0	106.64578	
472	8.24262	0.6897972	5.268186	0.0	108.18064	
473	8.186581	0.71467125	5.3515916	0.0	109.46388	
474	8.186581	0.71467125	5.3515916	0.0	110.50955	
475	8.186581	0.71467125	5.3515916	0.0	111.730965	
476	8.186581	0.71467125	5.3515916	0.0	112.92403	
477	8.186581	0.71467125	5.3515916	0.0	113.98942	
478	8.186581	0.71467125	5.3515916	0.0	114.80762	
479	8.186581	0.71467125	5.3515916	0.0	115.39999	
480	8.186581	0.71467125	5.3515916	0.0	115.63369	
481	8.186581	0.71467125	5.3515916	0.0	115.872406	
482	8.186581	0.71467125	5.3515916	0.0	115.87392	
483	8.186581	0.71467125	5.3515916	0.0	115.648415	
484	8.135668	0.72869045	5.4268146	0.0	114.71522	
485	8.135668	0.72869045	5.4268146	0.0	113.106186	
486	8.135668	0.72869045	5.4268146	0.0	111.07147	
487	8.135668	0.72869045	5.4268146	0.0	108.52306	
488	8.135668	0.72869045	5.4268146	0.0	105.64576	
489	8.135668	0.72869045	5.4268146	0.0	103.21052	
490	8.135668	0.72869045	5.4268146	0.0	101.259	
491	8.134742	0.69717026	5.43234	0.0	99.238846	
492	8.134742	0.69717026	5.43234	0.0	97.40907	
493	8.134742	0.69717026	5.43234	0.0	95.69758	
494	8.134742	0.69717026	5.43234	0.0	94.34572	
495	8.134742	0.69717026	5.43234	0.0	93.227806	
496	8.134742	0.69717026	5.43234	0.0	92.459435	
497	8.134742	0.69717026	5.43234	0.0	91.99896	
498	8.134742	0.69717026	5.43234	0.0	91.824165	
499	8.134742	0.69717026	5.43234	0.0	91.824165	
500	8.134742	0.69717026	5.43234	0.0	91.824165	
501	8.134742	0.69717026	5.43234	0.0	91.824165	
502	8.134742	0.69717026	5.43234	0.0	92.0449	
503	8.235255	0.6327317	5.2868347	0.0	92.86229	
504	8.235255	0.6327317	5.2868347	0.0	94.38459	
505	8.235255	0.6327317	5.2868347	0.0	96.802635	
506	8.235255	0.6327317	5.2868347	0.0	99.03488	
507	8.235255	0.6327317	5.2868347	0.0	101.73108	
508	8.235255	0.6327317	5.2868347	0.0	104.23479	
509	8.235255	0.6327317	5.2868347	0.0	106.44598	
510	8.235255	0.6327317	5.2868347	0.0	107.91491	
511	8.235255	0.6327317	5.2868347	0.0	108.94076	
512	8.235255	0.6327317	5.2868347	0.0	109.639496	
513	8.235255	0.6327317	5.2868347	0.0	110.099625	
514	8.235255	0.6327317	5.2868347	0.0	110.32554	
515	8.379449	0.5313839	5.066839	0.0	110.56305	
516	8.379449	0.5313839	5.066839	0.0	110.677246	
517	8.379449	0.5313839	5.066839	0.0	110.677246	
518	8.379449	0.5313839	5.066839	0.0	110.31832	
519	8.379449	0.5313839	5.066839	0.0	108.90179	
520	8.379449	0.5313839	5.066839	0.0	106.55163	
521	8.379449	0.5313839	5.066839	0.0	103.69337	
522	8.49275	0.43629402	4.883978	0.0	101.316154	
523	8.49275	0.43629402	4.883978	0.0	98.35647	
524	8.49275	0.43629402	4.883978	0.0	95.25673	
525	8.49275	0.43629402	4.883978	0.0	92.70592	
526	8.49275	0.43629402	4.883978	0.0	90.52233	
527	8.49275	0.43629402	4.883978	0.0	87.86503	
528	8.49275	0.43629402	4.883978	0.0	85.06865	
529	8.49275	0.43629402	4.883978	0.0	82.44046	
530	8.49275	0.43629402	4.883978	0.0	80.30756	
531	8.49275	0.43629402	4.883978	0.0	77.70921	
532	8.49275	0.43629402	4.883978	0.0	74.7898	
533	8.49275	0.43629402	4.883978	0.0	72.17244	
534	8.537162	0.4284329	4.8066316	0.0	69.84289	
535	8.537162	0.4284329	4.8066316	0.0	67.22295	
536	8.537162	0.4284329	4.8066316	0.0	64.475784	
537	8.537162	0.4284329	4.8066316	0.0	61.732666	
538	8.537162	0.4284329	4.8066316	0.0	59.53042	
539	8.537162	0.4284329	4.8066316	0.0	57.076385	
540	8.568253	0.44815075	4.749168	0.0	54.35176	
541	8.568253	0.44815075	4.749168	0.0	51.952026	
542	8.568253	0.44815075	4.749168	0.0	49.853333	
543	8.568253	0.44815075	4.749168	0.0	48.032864	
544	8.568253	0.44815075	4.749168	0.0	46.08939	
545	8.568253	0.44815075	4.749168	0.0	43.90176	
546	8.598769	0.4712819	4.691423	0.0	41.76461	
547	8.598769	0.4712819	4.691423	0.0	40.02201	
548	8.598769	0.4712819	4.691423	0.0	38.35706	
549	8.598769	0.4712819	4.691423	0.0	36.417725	
550	8.598769	0.4712819	4.691423	0.0	34.273796	
551	8.598769	0.4712819	4.691423	0.0	32.018948	
552	8.598769	0.4712819	4.691423	0.0	29.986311	
553	8.598769	0.4712819	4.691423	0.0	28.336792	
554	8.598769	0.4712819	4.691423	0.0	26.908192	
555	8.598769	0.4712819	4.691423	0.0	25.225811	
556	8.598769	0.4712819	4.691423	0.0	23.562773	
557	8.598769	0.4712819	4.691423	0.0	21.888742	
558	8.615892	0.50826925	4.6560135	0.0	20.341791	
559	8.615892	0.50826925	4.6560135	0.0	19.016594	
560	8.615892	0.50826925	4.6560135	0.0	17.81691	
561	8.615892	0.50826925	4.6560135	0.0	16.635588	
562	8.615892	0.50826925	4.6560135	0.0	15.341261	
563	8.615892	0.50826925	4.6560135	0.0	13.9044695	
564	8.622004	0.54375863	4.6406655	0.0	12.349496	
565	8.622004	0.54375863	4.6406655	0.0	10.923539	
566	8.622004	0.54375863	4.6406655	0.0	9.574205	
567	8.622004	0.54375863	4.6406655	0.0	8.476914	
568	8.622004	0.54375863	4.6406655	0.0	7.641294	
569	8.622004	0.54375863	4.6406655	0.0	6.956981	
570	8.622004	0.54375863	4.6406655	0.0	6.48083	
571	8.622004	0.54375863	4.6406655	0.0	6.00205	
572	8.622004	0.54375863	4.6406655	0.0	5.591197	
573	8.622004	0.54375863	4.6406655	0.0	5.231196	
574	8.622004	0.54375863	4.6406655	0.0	4.812695	
575	8.622004	0.54375863	4.6406655	0.0	4.390622	
576	8.622004	0.567898	4.624592	0.0	4.390622	
577	8.629081	0.567898	4.624592	0.0	3.9135551	
578	8.629081	0.567898	4.624592	0.0	3.6761036	
579	8.629081	0.567898	4.624592	0.0	3.4395018	
580	8.629081	0.567898	4.624592	0.0	3.200364	
581	8.629081	0.567898	4.624592	0.0	3.0993636	
582	8.629081	0.567898	4.624592	0.0	2.979695	
583	8.629081	0.567898	4.624592	0.0	2.860956	
584	8.629081	0.567898	4.624592	0.0	2.7416196	
585	8.629081	0.567898	4.624592	0.0	2.622801	
586	8.629081	0.567898	4.624592	0.0	2.5050976	
587	8.629081	0.567898	4.624592	0.0	2.385336	
588	8.633866	0.5801431	4.614128	0.0	2.2594142	
589	8.633866	0.5801431	4.614128	0.0	2.0907657	
590	8.633866	0.5801431	4.614128	0.0	2.0303273	
591	8.633866	0.5801431	4.614128	0.0	2.0303273	
592	8.633866	0.5801431	4.614128	0.0	2.0303273	
593	8.633866	0.5801431	4.614128	0.0	2.0303273	
594	8.633866	0.5801431	4.614128	0.0	2.0303273	
595	8.630133	0.5939193	4.619357	0.0	2.0303273	
596	8.630133	0.5939193	4.619357	0.0	2.0303273	
597	8.630133	0.5939193	4.619357	0.0	2.0303273	
598	8.630133	0.5939193	4.619357	0.0	2.0303273	
599	8.630133	0.5939193	4.619357	0.0	2.0303273	
600	8.630133	0.5939193	4.619357	0.0	2.0303273	
601	8.630133	0.5939193	4.619357	0.0	2.0303273	
602	8.630133	0.5939193	4.619357	0.0	2.359671	
603	8.630133	0.5939193	4.619357	0.0	2.5971622	
604	8.630133	0.5939193	4.619357	0.0	2.836685	
605	8.630133	0.5939193	4.619357	0.0	3.0750527	
606	8.630133	0.5939193	4.619357	0.0	3.3130753	
607	8.635603	0.60262394	4.607993	0.0	3.5518012	
608	8.635603	0.60262394	4.607993	0.0	3.7892795	
609	8.635603	0.60262394	4.607993	0.0	4.028271	
610	8.635603	0.60262394	4.607993	0.0	4.2664127	
611	8.635603	0.60262394	4.607993	0.0	4.684529	
612	8.635603	0.60262394	4.607993	0.0	5.1618347	
613	8.6368685	0.6047753	4.6053376	0.0	5.687444	
614	8.6368685	0.6047753	4.6053376	0.0	6.4045653	
615	8.6368685	0.6047753	4.6053376	0.0	7.284174	
616	8.6368685	0.6047753	4.6053376	0.0	8.413303	
617	8.6368685	0.6047753	4.6053376	0.0	9.872029	
618	8.6368685	0.6047753	4.6053376	0.0	11.303589	
619	8.6368685	0.6047753	4.6053376	0.0	12.583443	
620	8.6368685	0.6047753	4.6053376	0.0	13.628513	
621	8.6368685	0.6047753	4.6053376	0.0	14.572464	
622	8.6368685	0.6047753	4.6053376	0.0	15.385367	
623	8.6368685	0.6047753	4.6053376	0.0	16.104666	
624	8.6368685	0.6047753	4.6053376	0.0	17.070232	
625	8.6133795	0.61947614	4.6471863	0.0	18.02746	
626	8.6133795	0.61947614	4.6471863	0.0	19.47935	
627	8.6133795	0.61947614	4.6471863	0.0	20.924904	
628	8.6133795	0.61947614	4.6471863	0.0	22.345243	
629	8.6133795	0.61947614	4.6471863	0.0	23.775623	
630	8.6133795	0.61947614	4.6471863	0.0	24.851616	
631	8.6133795	0.61947614	4.6471863	0.0	25.80883	
632	8.6133795	0.61947614	4.6471863	0.0	26.763205	
633	8.6133795	0.61947614	4.6471863	0.0	28.034016	
634	8.6133795	0.61947614	4.6471863	0.0	29.48103	
635	8.6133795	0.61947614	4.6471863	0.0	31.135796	
636	8.6133795	0.61947614	4.6471863	0.0	32.705265	
637	8.546393	0.6674682	4.762776	0.0	34.133495	
638	8.546393	0.6674682	4.762776	0.0	35.25985	
639	8.546393	0.6674682	4.762776	0.0	36.29601	
640	8.546393	0.6674682	4.762776	0.0	37.495815	
641	8.546393	0.6674682	4.762776	0.0	38.895325	
642	8.546393	0.6674682	4.762776	0.0	40.59488	
643	8.486989	0.6884147	4.8649244	0.0	42.426445	
644	8.486989	0.6884147	4.8649244	0.0	44.094368	
645	8.486989	0.6884147	4.8649244	0.0	45.505215	
646	8.486989	0.6884147	4.8649244	0.0	46.696167	
647	8.486989	0.6884147	4.8649244	0.0	47.948387	
648	8.486989	0.6884147	4.8649244	0.0	49.559063	
649	8.486989	0.6884147	4.8649244	0.0	51.40648	
650	8.486989	0.6884147	4.8649244	0.0	53.49174	
651	8.486989	0.6884147	4.8649244	0.0	55.049374	
652	8.486989	0.6884147	4.8649244	0.0	56.435986	
653	8.486989	0.6884147	4.8649244	0.0	57.74823	
654	8.486989	0.6884147	4.8649244	0.0	59.05812	
655	8.397365	0.7201474	5.0135856	0.0	60.732822	
656	8.397365	0.7201474	5.0135856	0.0	62.7117	
657	8.397365	0.7201474	5.0135856	0.0	64.46235	
658	8.397365	0.7201474	5.0135856	0.0	65.98176	
659	8.397365	0.7201474	5.0135856	0.0	67.261215	
660	8.397365	0.7201474	5.0135856	0.0	68.71997	
661	8.293318	0.76407564	5.1775923	0.0	70.425354	
662	8.293318	0.76407564	5.1775923	0.0	72.46267	
663	8.293318	0.76407564	5.1775923	0.0	74.46921	
664	8.293318	0.76407564	5.1775923	0.0	76.14651	
665	8.293318	0.76407564	5.1775923	0.0	77.56688	
666	8.293318	0.76407564	5.1775923	0.0	79.11939	
667	8.293318	0.76407564	5.1775923	0.0	81.13946	
668	8.293318	0.76407564	5.1775923	0.0	83.2897	
669	8.293318	0.76407564	5.1775923	0.0	85.432755	
670	8.293318	0.76407564	5.1775923	0.0	86.99985	
671	8.293318	0.76407564	5.1775923	0.0	88.44005	
672	8.293318	0.76407564	5.1775923	0.0	89.87665	
673	8.293318	0.76407564	5.1775923	0.0	91.82033	
674	8.217498	0.7571416	5.298098	0.0	93.9882	
675	8.217498	0.7571416	5.298098	0.0	95.95391	
676	8.217498	0.7571416	5.298098	0.0	97.526276	
677	8.217498	0.7571416	5.298098	0.0	98.96542	
678	8.217498	0.7571416	5.298098	0.0	100.53884	
679	8.217498	0.7571416	5.298098	0.0	102.652885	
680	8.217498	0.7571416	5.298098	0.0	104.780045	
681	8.217498	0.7571416	5.298098	0.0	106.787315	
682	8.217498	0.7571416	5.298098	0.0	108.40817	
683	8.217498	0.7571416	5.298098	0.0	109.840416	
684	8.217498	0.7571416	5.298098	0.0	111.51376	
685	8.217498	0.7571416	5.298098	0.0	113.722	
686	8.146702	0.7439427	5.40816	0.0	116.056946	
687	8.146702	0.7439427	5.40816	0.0	117.790794	
688	8.146702	0.7439427	5.40816	0.0	119.28857	
689	8.146702	0.7439427	5.40816	0.0	120.448975	
690	8.146702	0.7439427	5.40816	0.0	121.91403	
691	8.146702	0.7439427	5.40816	0.0	123.50189	
692	8.080633	0.7499162	5.505578	0.0	125.49353	
693	8.080633	0.7499162	5.505578	0.0	127.18877	
694	8.080633	0.7499162	5.505578	0.0	128.725	
695	8.080633	0.7499162	5.505578	0.0	130.0061	
696	8.080633	0.7499162	5.505578	0.0	131.46455	
697	8.080633	0.7499162	5.505578	0.0	132.90456	
698	8.080633	0.7499162	5.505578	0.0	134.6942	
699	8.080633	0.7499162	5.505578	0.0	136.48863	
700	8.080633	0.7499162	5.505578	0.0	138.1599	
701	8.080633	0.7499162	5.505578	0.0	139.57115	
702	8.080633	0.7499162	5.505578	0.0	140.646	
703	8.080633	0.7499162	5.505578	0.0	141.71979	
704	8.053984	0.72096306	5.5483284	0.0	142.89963	
705	8.053984	0.72096306	5.5483284	0.0	144.45262	
706	8.053984	0.72096306	5.5483284	0.0	146.1194	
707	8.053984	0.72096306	5.5483284	0.0	147.903	
708	8.053984	0.72096306	5.5483284	0.0	149.46626	
709	8.053984	0.72096306	5.5483284	0.0	150.80333	
710	8.053984	0.72096306	5.5483284	0.0	152.11122	
711	8.053984	0.72096306	5.5483284	0.0	152.11122	
712	8.053984	0.72096306	5.5483284	0.0	155.28416	
713	8.053984	0.72096306	5.5483284	0.0	157.14352	
714	8.053984	0.72096306	5.5483284	0.0	158.98128	
715	8.053984	0.72096306	5.5483284	0.0	160.45045	
716	8.014785	0.6898121	5.608723	0.0	161.68428	
717	8.014785	0.6898121	5.608723	0.0	162.76028	
718	8.014785	0.6898121	5.608723	0.0	164.01747	
719	8.014785	0.6898121	5.608723	0.0	165.51817	
720	8.014785	0.6898121	5.608723	0.0	167.06955	
721	8.014785	0.6898121	5.608723	0.0	168.54431	
722	8.014785	0.6898121	5.608723	0.0	169.98375	
723	7.946241	0.68120533	5.7064533	0.0	171.41711	
724	7.946241	0.68120533	5.7064533	0.0	172.38544	
725	7.946241	0.68120533	5.7064533	0.0	173.48213	
726	7.946241	0.68120533	5.7064533	0.0	174.70197	
727	7.946241	0.68120533	5.7064533	0.0	176.1626	
728	7.946241	0.68120533	5.7064533	0.0	177.5926	
729	7.946241	0.68120533	5.7064533	0.0	178.88486	
730	7.946241	0.68120533	5.7064533	0.0	180.19266	
731	7.946241	0.68120533	5.7064533	0.0	181.23422	
732	7.946241	0.68120533	5.7064533	0.0	182.16391	
733	7.946241	0.68120533	5.7064533	0.0	182.99248	
734	7.946241	0.68120533	5.7064533	0.0	183.96751	
735	7.8871126	0.6667688	5.7895823	0.0	184.92566	
736	7.8871126	0.6667688	5.7895823	0.0	186.38689	
737	7.8871126	0.6667688	5.7895823	0.0	187.80649	
738	7.8871126	0.6667688	5.7895823	0.0	189.24103	
739	7.8871126	0.6667688	5.7895823	0.0	190.7911	
740	7.8871126	0.6667688	5.7895823	0.0	192.22665	
741	7.827773	0.6632874	5.8699584	0.0	193.41634	
742	7.827773	0.6632874	5.8699584	0.0	194.49382	
743	7.827773	0.6632874	5.8699584	0.0	196.0172	
744	7.827773	0.6632874	5.8699584	0.0	197.79692	
745	7.827773	0.6632874	5.8699584	0.0	199.6896	
746	7.827773	0.6632874	5.8699584	0.0	201.38985	
747	7.827773	0.6632874	5.8699584	0.0	202.96658	
748	7.827773	0.6632874	5.8699584	0.0	204.3941	
749	7.827773	0.6632874	5.8699584	0.0	205.81651	
750	7.827773	0.6632874	5.8699584	0.0	207.74805	
751	7.827773	0.6632874	5.8699584	0.0	209.89342	
752	7.827773	0.6632874	5.8699584	0.0	211.64424	
753	7.790201	0.6903525	5.9166355	0.0	213.2398	
754	7.790201	0.6903525	5.9166355	0.0	214.65797	
755	7.790201	0.6903525	5.9166355	0.0	216.04034	
756	7.790201	0.6903525	5.9166355	0.0	217.8291	
757	7.790201	0.6903525	5.9166355	0.0	219.56488	
758	7.790201	0.6903525	5.9166355	0.0	221.27553	
759	7.790201	0.6903525	5.9166355	0.0	222.90706	
760	7.790201	0.6903525	5.9166355	0.0	223.99585	
761	7.790201	0.6903525	5.9166355	0.0	225.23935	
762	7.790201	0.6903525	5.9166355	0.0	226.4343	
763	7.790201	0.6903525	5.9166355	0.0	227.79933	
764	7.790201	0.6903525	5.9166355	0.0	229.38129	
765	7.7471976	0.7123925	5.9702435	0.0	230.76558	
766	7.7471976	0.7123925	5.9702435	0.0	232.20395	
767	7.7471976	0.7123925	5.9702435	0.0	233.62483	
768	7.7471976	0.7123925	5.9702435	0.0	234.79126	
769	7.7471976	0.7123925	5.9702435	0.0	235.71384	
770	7.7471976	0.7123925	5.9702435	0.0	236.66437	
771	7.7471976	0.7123925	5.9702435	0.0	237.88727	
772	7.703913	0.7094377	6.026344	0.0	239.33359	
773	7.703913	0.7094377	6.026344	0.0	240.51161	
774	7.703913	0.7094377	6.026344	0.0	241.94997	
775	7.703913	0.7094377	6.026344	0.0	243.26898	
776	7.703913	0.7094377	6.026344	0.0	244.2053	
777	7.703913	0.7094377	6.026344	0.0	244.9352	
778	7.703913	0.7094377	6.026344	0.0	245.41179	
779	7.703913	0.7094377	6.026344	0.0	245.7785	
780	7.703913	0.7094377	6.026344	0.0	246.01851	
781	7.703913	0.7094377	6.026344	0.0	246.15352	
782	7.703913	0.7094377	6.026344	0.0	246.15352	
783	7.703913	0.7094377	6.026344	0.0	245.74324	
784	7.658898	0.6964473	6.0849514	0.0	244.38184	
785	7.658898	0.6964473	6.0849514	0.0	242.65575	
786	7.658898	0.6964473	6.0849514	0.0	240.55525	
787	7.658898	0.6964473	6.0849514	0.0	238.48898	
788	7.658898	0.6964473	6.0849514	0.0	236.62035	
789	7.658898	0.6964473	6.0849514	0.0	234.33182	
790	7.6399045	0.6236092	6.1166463	0.0	231.45601	
791	7.6399045	0.6236092	6.1166463	0.0	228.71088	
792	7.6399045	0.6236092	6.1166463	0.0	226.04156	
793	7.6399045	0.6236092	6.1166463	0.0	222.96606	
794	7.6399045	0.6236092	6.1166463	0.0	220.00452	
795	7.6399045	0.6236092	6.1166463	0.0	217.8368	
796	7.6399045	0.6236092	6.1166463	0.0	216.46545	
797	7.6399045	0.6236092	6.1166463	0.0	215.25507	
798	7.6399045	0.6236092	6.1166463	0.0	214.46577	
799	7.6399045	0.6236092	6.1166463	0.0	214.32478	
800	7.6399045	0.6236092	6.1166463	0.0	214.18788	
801	7.6399045	0.6236092	6.1166463	0.0	214.18788	
802	7.7687054	0.5439061	5.9600143	0.0	214.18788	
803	7.7687054	0.5439061	5.9600143	0.0	214.18788	
804	7.7687054	0.5439061	5.9600143	0.0	214.51913	
805	7.7687054	0.5439061	5.9600143	0.0	214.9029	
806	7.7687054	0.5439061	5.9600143	0.0	215.919	
807	7.7687054	0.5439061	5.9600143	0.0	217.9169	
808	7.7687054	0.5439061	5.9600143	0.0	220.17659	
809	7.7687054	0.5439061	5.9600143	0.0	222.30217	
810	7.7687054	0.5439061	5.9600143	0.0	223.84157	
811	7.7687054	0.5439061	5.9600143	0.0	225.14934	
812	7.7687054	0.5439061	5.9600143	0.0	226.09515	
813	7.7687054	0.5439061	5.9600143	0.0	226.69237	
814	7.9148717	0.5221657	5.7665005	0.0	227.16727	
815	7.9148717	0.5221657	5.7665005	0.0	227.41226	
816	7.9148717	0.5221657	5.7665005	0.0	227.6503	
817	7.9148717	0.5221657	5.7665005	0.0	227.78387	
818	7.9148717	0.5221657	5.7665005	0.0	227.78387	
819	7.9148717	0.5221657	5.7665005	0.0	227.78387	
820	8.04608	0.44658205	5.5885196	0.0	227.35309	
821	8.04608	0.44658205	5.5885196	0.0	226.26575	
822	8.04608	0.44658205	5.5885196	0.0	223.84195	
823	8.04608	0.44658205	5.5885196	0.0	220.62265	
824	8.04608	0.44658205	5.5885196	0.0	218.02237	
825	8.04608	0.44658205	5.5885196	0.0	215.08804	
826	8.04608	0.44658205	5.5885196	0.0	211.12534	
827	8.04608	0.44658205	5.5885196	0.0	207.90251	
828	8.04608	0.44658205	5.5885196	0.0	204.88316	
829	8.04608	0.44658205	5.5885196	0.0	201.00468	
830	8.04608	0.44658205	5.5885196	0.0	197.92638	
831	8.04608	0.44658205	5.5885196	0.0	195.71489	
832	8.04608	0.44658205	5.5885196	0.0	195.71489	
833	8.1707735	0.34581396	5.411955	0.0	190.17822	
834	8.1707735	0.34581396	5.411955	0.0	187.62953	
835	8.1707735	0.34581396	5.411955	0.0	185.70766	
836	8.1707735	0.34581396	5.411955	0.0	183.64801	
837	8.1707735	0.34581396	5.411955	0.0	180.86237	
838	8.1707735	0.34581396	5.411955	0.0	178.30748	
839	8.1707735	0.34581396	5.411955	0.0	176.27898	
840	8.1707735	0.34581396	5.411955	0.0	174.63817	
841	8.1707735	0.34581396	5.411955	0.0	172.4531	
842	8.1707735	0.34581396	5.411955	0.0	169.75967	
843	8.1707735	0.34581396	5.411955	0.0	167.54547	
844	8.256003	0.30159926	5.2837324	0.0	165.66344	
845	8.256003	0.30159926	5.2837324	0.0	164.1347	
846	8.256003	0.30159926	5.2837324	0.0	162.0813	
847	8.256003	0.30159926	5.2837324	0.0	159.44931	
848	8.256003	0.30159926	5.2837324	0.0	157.07379	
849	8.256003	0.30159926	5.2837324	0.0	155.04478	
850	8.256003	0.30159926	5.2837324	0.0	153.12723	
851	8.309408	0.30046955	5.199408	0.0	150.86655	
852	8.309408	0.30046955	5.199408	0.0	148.36185	
853	8.309408	0.30046955	5.199408	0.0	145.95287	
854	8.309408	0.30046955	5.199408	0.0	144.04472	
855	8.309408	0.30046955	5.199408	0.0	142.04117	
856	8.309408	0.30046955	5.199408	0.0	139.594	
857	8.309408	0.30046955	5.199408	0.0	137.13667	
858	8.309408	0.30046955	5.199408	0.0	134.86769	
859	8.309408	0.30046955	5.199408	0.0	132.83688	
860	8.309408	0.30046955	5.199408	0.0	130.71413	
861	8.309408	0.30046955	5.199408	0.0	128.56174	
862	8.309408	0.30046955	5.199408	0.0	126.141014	
863	8.386304	0.30654842	5.0740833	0.0	124.049095	
864	8.386304	0.30654842	5.0740833	0.0	122.18695	
865	8.386304	0.30654842	5.0740833	0.0	120.21343	
866	8.386304	0.30654842	5.0740833	0.0	118.17775	
867	8.386304	0.30654842	5.0740833	0.0	116.11346	
868	8.386304	0.30654842	5.0740833	0.0	114.20077	
869	8.429493	0.30826253	5.0019007	0.0	112.64468	
870	8.429493	0.30826253	5.0019007	0.0	111.03908	
871	8.429493	0.30826253	5.0019007	0.0	109.20262	
872	8.429493	0.30826253	5.0019007	0.0	107.288704	
873	8.429493	0.30826253	5.0019007	0.0	105.404236	
874	8.429493	0.30826253	5.0019007	0.0	103.47528	
875	8.429493	0.30826253	5.0019007	0.0	102.126945	
876	8.429493	0.30826253	5.0019007	0.0	100.694214	
877	8.429493	0.30826253	5.0019007	0.0	98.99616	
878	8.429493	0.30826253	5.0019007	0.0	97.29999	
879	8.429493	0.30826253	5.0019007	0.0	95.5401	
880	8.429493	0.30826253	5.0019007	0.0	93.7364	
881	8.429493	0.30826253	4.942475	0.0	93.7364	
882	8.463612	0.33108416	4.942475	0.0	91.28608	
883	8.463612	0.33108416	4.942475	0.0	89.96529	
884	8.463612	0.33108416	4.942475	0.0	88.6492	
885	8.463612	0.33108416	4.942475	0.0	87.22121	
886	8.463612	0.33108416	4.942475	0.0	85.78572	
887	8.463612	0.33108416	4.942475	0.0	84.23898	
888	8.463612	0.33108416	4.942475	0.0	83.04275	
889	8.463612	0.33108416	4.942475	0.0	81.849915	
890	8.463612	0.33108416	4.942475	0.0	80.764854	
891	8.463612	0.33108416	4.942475	0.0	79.58498	
892	8.463612	0.33108416	4.942475	0.0	78.39199	
893	8.491946	0.3359306	4.8933	0.0	76.98749	
894	8.491946	0.3359306	4.8933	0.0	75.67087	
895	8.491946	0.3359306	4.8933	0.0	74.33384	
896	8.491946	0.3359306	4.8933	0.0	73.02527	
897	8.491946	0.3359306	4.8933	0.0	71.911575	
898	8.491946	0.3359306	4.8933	0.0	71.911575	
899	8.491946	0.3359306	4.8933	0.0	69.178734	
900	8.519734	0.3448137	4.8441334	0.0	69.178734	
901	8.519734	0.3448137	4.8441334	0.0	68.2178	
902	8.519734	0.3448137	4.8441334	0.0	67.06969	
903	8.519734	0.3448137	4.8441334	0.0	65.881584	
904	8.519734	0.3448137	4.8441334	0.0	64.69383	
905	8.519734	0.3448137	4.8441334	0.0	63.50461	
906	8.519734	0.3448137	4.8441334	0.0	62.310226	
907	8.519734	0.3448137	4.8441334	0.0	61.166412	
908	8.519734	0.3448137	4.8441334	0.0	60.213604	
909	8.519734	0.3448137	4.8441334	0.0	59.385574	
910	8.519734	0.3448137	4.8441334	0.0	58.545135	
911	8.519734	0.37543344	4.8010926	0.0	57.59536	
912	8.542771	0.37543344	4.8010926	0.0	56.481365	
913	8.542771	0.37543344	4.8010926	0.0	55.29732	
914	8.542771	0.37543344	4.8010926	0.0	53.974564	
915	8.542771	0.37543344	4.8010926	0.0	52.675644	
916	8.542771	0.37543344	4.8010926	0.0	51.35697	
917	8.542771	0.37543344	4.8010926	0.0	50.171288	
918	8.568381	0.3920147	4.7539	0.0	49.236492	
919	8.568381	0.3920147	4.7539	0.0	48.275723	
920	8.568381	0.3920147	4.7539	0.0	47.324474	
921	8.568381	0.3920147	4.7539	0.0	46.123466	
922	8.568381	0.3920147	4.7539	0.0	45.054054	
923	8.568381	0.3920147	4.7539	0.0	43.987972	
924	8.568381	0.3920147	4.7539	0.0	42.793373	
925	8.568381	0.3920147	4.7539	0.0	41.70433	
926	8.568381	0.3920147	4.7539	0.0	40.76616	
927	8.568381	0.3920147	4.7539	0.0	39.904785	
928	8.568381	0.3920147	4.7539	0.0	39.904785	
929	8.568381	0.3920147	4.7539	0.0	38.35459	
930	8.588579	0.40256009	4.716423	0.0	37.545406	
931	8.588579	0.40256009	4.716423	0.0	36.711086	
932	8.588579	0.40256009	4.716423	0.0	35.843227	
933	8.588579	0.40256009	4.716423	0.0	34.925648	
934	8.588579	0.40256009	4.716423	0.0	34.09012	
935	8.588579	0.40256009	4.716423	0.0	33.135136	
936	8.588579	0.40256009	4.716423	0.0	32.305115	
937	8.588579	0.40256009	4.716423	0.0	31.543861	
938	8.588579	0.40256009	4.716423	0.0	30.760672	
939	8.588579	0.40256009	4.716423	0.0	29.993095	
940	8.588579	0.40256009	4.716423	0.0	29.278126	
941	8.588579	0.40256009	4.716423	0.0	28.742281	
942	8.600843	0.40947002	4.6934223	0.0	28.209063	
943	8.600843	0.40947002	4.6934223	0.0	27.665611	
944	8.600843	0.40947002	4.6934223	0.0	27.018951	
945	8.600843	0.40947002	4.6934223	0.0	26.425508	
946	8.600843	0.40947002	4.6934223	0.0	25.874832	
947	8.600843	0.40947002	4.6934223	0.0	25.111506	
948	8.613479	0.41742492	4.6694903	0.0	24.242865	
949	8.613479	0.41742492	4.6694903	0.0	23.412155	
950	8.613479	0.41742492	4.6694903	0.0	22.605982	
951	8.613479	0.41742492	4.6694903	0.0	21.626265	
952	8.613479	0.41742492	4.6694903	0.0	20.67051	
953	8.613479	0.41742492	4.6694903	0.0	19.983568	
954	8.613479	0.41742492	4.6694903	0.0	19.264055	
955	8.613479	0.41742492	4.6694903	0.0	18.544134	
956	8.613479	0.41742492	4.6694903	0.0	18.083942	
957	8.613479	0.41742492	4.6694903	0.0	17.6092	
958	8.613479	0.41742492	4.6694903	0.0	17.011719	
959	8.613479	0.41742492	4.6694903	0.0	16.413057	
960	8.623435	0.42423868	4.650459	0.0	15.692632	
961	8.623435	0.42423868	4.650459	0.0	14.97802	
962	8.623435	0.42423868	4.650459	0.0	14.379478	
963	8.623435	0.42423868	4.650459	0.0	13.568434	
964	8.623435	0.42423868	4.650459	0.0	12.83765	
965	8.623435	0.42423868	4.650459	0.0	12.118816	
966	8.627449	0.42477763	4.6429596	0.0	11.406834	
967	8.627449	0.42477763	4.6429596	0.0	10.786517	
968	8.627449	0.42477763	4.6429596	0.0	10.188985	
969	8.627449	0.42477763	4.6429596	0.0	9.711373	
970	8.627449	0.42477763	4.6429596	0.0	9.233603	
971	8.627449	0.42477763	4.6429596	0.0	8.841152	
972	8.627449	0.42477763	4.6429596	0.0	8.525297	
973	8.627449	0.42477763	4.6429596	0.0	8.242172	
974	8.627449	0.42477763	4.6429596	0.0	8.004801	
975	8.627449	0.42477763	4.6429596	0.0	7.7647734	
976	8.627449	0.42477763	4.6429596	0.0	7.5255156	
977	8.627449	0.42477763	4.6429596	0.0	7.287095	
978	8.635757	0.4300547	4.6270003	0.0	7.0494576	
979	8.635757	0.4300547	4.6270003	0.0	6.8096433	
980	8.635757	0.4300547	4.6270003	0.0	6.6918864	
981	8.635757	0.4300547	4.6270003	0.0	6.454541	
982	8.635757	0.4300547	4.6270003	0.0	6.3206124	
983	8.635757	0.4300547	4.6270003	0.0	6.2028694	
984	8.635757	0.4300547	4.6270003	0.0	5.9791603	
985	8.635757	0.4300547	4.6270003	0.0	5.7418814	
986	8.635757	0.4300547	4.6270003	0.0	5.503115	
987	8.635757	0.4300547	4.6270003	0.0	5.353799	
988	8.635757	0.4300547	4.6270003	0.0	5.2933736	
989	8.635757	0.4300547	4.6270003	0.0	5.0310135	
990	8.635757	0.4300547	4.6270003	0.0	4.7909603	
991	8.6462	0.42924294	4.607532	0.0	4.5549426	
992	8.6462	0.42924294	4.607532	0.0	4.3195486	
993	8.6462	0.42924294	4.607532	0.0	4.0765476	
994	8.6462	0.42924294	4.607532	0.0	3.8381798	
995	8.6462	0.42924294	4.607532	0.0	3.6011267	
996	8.6462	0.42924294	4.607532	0.0	3.3617234	
997	8.650401	0.44447324	4.5981936	0.0	3.1230636	
998	8.650401	0.44447324	4.5981936	0.0	2.887816	
999	8.650401	0.44447324	4.5981936	0.0	2.6458635	
1000	8.650401	0.44447324	4.5981936	0.0	2.4072304	
1001	8.650401	0.44447324	4.5981936	0.0	2.1687167	
1002	8.650401	0.44447324	4.5981936	0.0	2.0518365	
1003	8.650401	0.44447324	4.5934505	0.0	1.814677	
1004	8.652339	0.45566025	4.5934505	0.0	1.6073518	
1005	8.652339	0.45566025	4.5934505	0.0	1.6073518	
1006	8.652339	0.45566025	4.5934505	0.0	1.3225002	
1007	8.652339	0.45566025	4.5934505	0.0	1.3225002	
1008	8.652339	0.45566025	4.5934505	0.0	0.9850308	
1009	8.652339	0.45566025	4.5934505	0.0	0.8822245	
1010	8.652339	0.45566025	4.5934505	0.0	0.8217994	
1011	8.652339	0.45566025	4.5934505	0.0	0.6659503	
1012	8.652339	0.45566025	4.5934505	0.0	0.51485443	
1013	8.652339	0.45566025	4.5934505	0.0	0.36725053	
1014	8.652339	0.45566025	4.5934505	0.0	0.160536	
1015	8.65496	0.45865768	4.588213	0.0	0.041358836	
1016	8.65496	0.45865768	4.588213	0.0	0.0	
1017	8.65496	0.45865768	4.588213	0.0	0.0	
1018	8.65496	0.45865768	4.588213	0.0	0.0	
1019	8.65496	0.45865768	4.588213	0.0	0.0	
1020	8.65496	0.45865768	4.588213	0.0	0.0	
1021	8.659579	0.46673226	4.578671	0.0	0.0	
1022	8.659579	0.46673226	4.578671	0.0	0.0	
1023	8.659579	0.46673226	4.578671	0.0	0.0	
1024	8.659579	0.46673226	4.578671	0.0	0.0	
1025	8.659579	0.46673226	4.578671	0.0	0.0	
1026	8.659579	0.46673226	4.578671	0.0	0.0	
1027	8.659579	0.46673226	4.578671	0.0	0.0	
1028	8.659579	0.46673226	4.578671	0.0	0.0	
1029	8.659579	0.46673226	4.578671	0.0	0.0	
1030	8.659579	0.46673226	4.578671	0.0	0.0	
1031	8.659579	0.46673226	4.578671	0.0	0.0	
1032	8.659579	0.46673226	4.578671	0.0	0.0	
1033	8.659579	0.46673226	4.578671	0.0	0.0	
1034	8.659579	0.46673226	4.578671	0.0	0.0	
1035	8.659579	0.46673226	4.578671	0.0	0.0	
1036	8.6661005	0.4746461	4.5655026	0.0	0.0	
1037	8.6661005	0.4746461	4.5655026	0.0	0.0	
1038	8.6661005	0.4746461	4.5655026	0.0	0.0	
1039	8.665632	0.4791484	4.5659194	0.0	0.0	
1040	8.665632	0.4791484	4.5659194	0.0	0.0	
1041	8.665632	0.4791484	4.5659194	0.0	0.0	
1042	8.665632	0.4791484	4.5659194	0.0	0.0	
1043	8.665632	0.4791484	4.5659194	0.0	0.0	
1044	8.665632	0.4791484	4.5659194	0.0	0.0	
1045	8.665632	0.4791484	4.5659194	0.0	0.0	
1046	8.665632	0.4791484	4.5659194	0.0	0.0	
1047	8.665632	0.4791484	4.5659194	0.0	0.15711047	
1048	8.665632	0.4791484	4.5659194	0.0	0.15711047	
1049	8.665632	0.4791484	4.5659194	0.0	0.52450705	
1050	8.665632	0.4791484	4.5659194	0.0	0.7634058	
1051	8.665632	0.4791484	4.5659194	0.0	0.7634058	
1052	8.6488	0.49394643	4.5961576	0.0	1.2394506	
1053	8.6488	0.49394643	4.5961576	0.0	1.2394506	
1054	8.6488	0.49394643	4.5961576	0.0	2.1286192	
1055	8.6488	0.49394643	4.5961576	0.0	2.6011057	
1056	8.6488	0.49394643	4.5961576	0.0	3.2001517	
1057	8.6488	0.49394643	4.5961576	0.0	3.9581404	
1058	8.6488	0.49394643	4.5961576	0.0	4.6754737	
1059	8.6488	0.49394643	4.5961576	0.0	4.6754737	
1060	8.6488	0.49394643	4.5961576	0.0	6.2518363	
1061	8.6488	0.49394643	4.5961576	0.0	6.2518363	
1062	8.6488	0.49394643	4.5961576	0.0	8.424311	
1063	8.6488	0.49394643	4.5961576	0.0	8.424311	
1064	8.628799	0.50906175	4.631961	0.0	11.186789	
1065	8.628799	0.50906175	4.631961	0.0	11.186789	
1066	8.628799	0.50906175	4.631961	0.0	13.550151	
1067	8.628799	0.50906175	4.631961	0.0	13.550151	
1068	8.628799	0.50906175	4.631961	0.0	15.577212	
1069	8.628799	0.50906175	4.631961	0.0	16.771812	
1070	8.589449	0.54503334	4.7004995	0.0	18.204313	
1071	8.589449	0.54503334	4.7004995	0.0	19.624908	
1072	8.589449	0.54503334	4.7004995	0.0	21.063425	
1073	8.589449	0.54503334	4.7004995	0.0	22.607456	
1074	8.589449	0.54503334	4.7004995	0.0	23.924927	
1075	8.589449	0.54503334	4.7004995	0.0	25.245926	
1076	8.589449	0.54503334	4.7004995	0.0	26.544926	
1077	8.589449	0.54503334	4.7004995	0.0	28.13536	
1078	8.589449	0.54503334	4.7004995	0.0	30.149263	
1079	8.589449	0.54503334	4.7004995	0.0	32.179314	
1080	8.589449	0.54503334	4.7004995	0.0	33.99488	
1081	8.589449	0.54503334	4.7004995	0.0	35.693436	
1082	8.531481	0.58826023	4.79981	0.0	37.638855	
1083	8.531481	0.58826023	4.79981	0.0	39.99632	
1084	8.531481	0.58826023	4.79981	0.0	42.481827	
1085	8.531481	0.58826023	4.79981	0.0	44.743183	
1086	8.531481	0.58826023	4.79981	0.0	46.899216	
1087	8.531481	0.58826023	4.79981	0.0	49.508884	
1088	8.438519	0.6469164	4.9541187	0.0	52.377052	
1089	8.438519	0.6469164	4.9541187	0.0	55.011112	
1090	8.438519	0.6469164	4.9541187	0.0	57.517456	
1091	8.438519	0.6469164	4.9541187	0.0	60.07129	
1092	8.438519	0.6469164	4.9541187	0.0	63.43945	
1093	8.438519	0.6469164	4.9541187	0.0	66.01579	
1094	8.438519	0.6469164	4.9541187	0.0	66.01579	
1095	8.438519	0.6469164	4.9541187	0.0	71.62965	
1096	8.438519	0.6469164	4.9541187	0.0	74.82325	
1097	8.438519	0.6469164	4.9541187	0.0	77.34254	
1098	8.438519	0.6469164	4.9541187	0.0	79.886765	
1099	8.438519	0.6469164	4.9541187	0.0	82.84796	
1100	8.322673	0.7088895	5.1381893	0.0	85.83776	
1101	8.322673	0.7088895	5.1381893	0.0	88.21558	
1102	8.322673	0.7088895	5.1381893	0.0	90.86044	
1103	8.322673	0.7088895	5.1381893	0.0	93.7207	
1104	8.322673	0.7088895	5.1381893	0.0	96.327415	
1105	8.322673	0.7088895	5.1381893	0.0	98.59567	
1106	8.322673	0.7088895	5.1381893	0.0	101.22706	
1107	8.322673	0.7088895	5.1381893	0.0	104.19092	
1108	8.322673	0.7088895	5.1381893	0.0	106.90813	
1109	8.322673	0.7088895	5.1381893	0.0	109.34831	
1110	8.322673	0.7088895	5.1381893	0.0	112.26785	
1111	8.322673	0.7088895	5.1381893	0.0	115.407166	
1112	8.203531	0.76098394	5.3191504	0.0	118.05936	
1113	8.203531	0.76098394	5.3191504	0.0	120.322945	
1114	8.203531	0.76098394	5.3191504	0.0	122.5858	
1115	8.203531	0.76098394	5.3191504	0.0	124.8888	
1116	8.203531	0.76098394	5.3191504	0.0	126.76644	
1117	8.203531	0.76098394	5.3191504	0.0	128.20807	
1118	8.090686	0.761521	5.489196	0.0	129.23608	
1119	8.090686	0.761521	5.489196	0.0	129.91927	
1120	8.090686	0.761521	5.489196	0.0	130.32674	
1121	8.090686	0.761521	5.489196	0.0	130.56493	
1122	8.090686	0.761521	5.489196	0.0	130.80411	
1123	8.090686	0.761521	5.489196	0.0	131.04121	
1124	8.090686	0.761521	5.489196	0.0	131.22224	
1125	8.090686	0.761521	5.489196	0.0	131.22224	
1126	8.090686	0.761521	5.489196	0.0	131.17184	
1127	8.090686	0.761521	5.489196	0.0	130.76656	
1128	8.090686	0.761521	5.489196	0.0	129.67322	
1129	8.090686	0.761521	5.489196	0.0	128.48048	
1130	7.9790974	0.76621646	5.6495404	0.0	126.48204	
1131	7.9790974	0.76621646	5.6495404	0.0	124.53361	
1132	7.9790974	0.76621646	5.6495404	0.0	123.059395	
1133	7.9790974	0.76621646	5.6495404	0.0	121.47978	
1134	7.9790974	0.76621646	5.6495404	0.0	119.39553	
1135	7.9790974	0.76621646	5.6495404	0.0	116.71436	
1136	7.9790974	0.76621646	5.6495404	0.0	114.63036	
1137	7.9790974	0.76621646	5.6495404	0.0	112.60568	
1138	7.9790974	0.76621646	5.6495404	0.0	110.31085	
1139	7.9790974	0.76621646	5.6495404	0.0	108.05463	
1140	7.9790974	0.76621646	5.6495404	0.0	105.23154	
1141	7.9790974	0.76621646	5.6495404	0.0	103.28568	
1142	8.030933	0.6678455	5.588245	0.0	101.87361	
1143	8.030933	0.6678455	5.588245	0.0	100.44739	
1144	8.030933	0.6678455	5.588245	0.0	98.99419	
1145	8.030933	0.6678455	5.588245	0.0	97.80326	
1146	8.030933	0.6678455	5.588245	0.0	97.06411	
1147	8.030933	0.6678455	5.588245	0.0	96.575905	
1148	8.196425	0.5262395	5.358365	0.0	96.41657	
1149	8.196425	0.5262395	5.358365	0.0	96.41657	
1150	8.196425	0.5262395	5.358365	0.0	96.41657	
1151	8.196425	0.5262395	5.358365	0.0	96.41657	
1152	8.196425	0.5262395	5.358365	0.0	96.74382	
1153	8.196425	0.5262395	5.358365	0.0	97.263504	
1154	8.196425	0.5262395	5.358365	0.0	98.13658	
1155	8.196425	0.5262395	5.358365	0.0	99.48893	
1156	8.196425	0.5262395	5.358365	0.0	101.412506	
1157	8.196425	0.5262395	5.358365	0.0	103.76705	
1158	8.196425	0.5262395	5.358365	0.0	106.06987	
1159	8.196425	0.5262395	5.358365	0.0	107.913	
1160	8.196425	0.5262395	5.358365	0.0	109.21913	
1161	8.367462	0.40598786	5.0981507	0.0	110.11654	
1162	8.367462	0.40598786	5.0981507	0.0	110.66319	
1163	8.367462	0.40598786	5.0981507	0.0	110.969826	
1164	8.367462	0.40598786	5.0981507	0.0	111.207726	
1165	8.367462	0.40598786	5.0981507	0.0	111.34193	
1166	8.367462	0.40598786	5.0981507	0.0	111.34193	
1167	8.457291	0.37988955	4.949778	0.0	110.28224	
1168	8.457291	0.37988955	4.949778	0.0	108.342735	
1169	8.457291	0.37988955	4.949778	0.0	105.8663	
1170	8.457291	0.37988955	4.949778	0.0	103.51884	
1171	8.457291	0.37988955	4.949778	0.0	101.01281	
1172	8.457291	0.37988955	4.949778	0.0	97.96609	
1173	8.457291	0.37988955	4.949778	0.0	94.89856	
1174	8.457291	0.37988955	4.949778	0.0	91.89615	
1175	8.457291	0.37988955	4.949778	0.0	89.174126	
1176	8.457291	0.37988955	4.949778	0.0	86.05765	
1177	8.457291	0.37988955	4.949778	0.0	80.70096	
1178	8.457291	0.37988955	4.949778	0.0	80.70096	
1179	8.529128	0.36354953	4.826199	0.0	75.228195	
1180	8.529128	0.36354953	4.826199	0.0	72.480675	
1181	8.529128	0.36354953	4.826199	0.0	72.480675	
1182	8.529128	0.36354953	4.826199	0.0	70.29814	
1183	8.529128	0.36354953	4.826199	0.0	67.80839	
1184	8.529128	0.36354953	4.826199	0.0	65.33179	
1185	8.529128	0.36354953	4.826199	0.0	62.807102	
1186	8.529128	0.36354953	4.826199	0.0	60.61666	
1187	8.529128	0.36354953	4.826199	0.0	56.385868	
1188	8.529128	0.36354953	4.826199	0.0	56.385868	
1189	8.529128	0.36354953	4.826199	0.0	51.690323	
1190	8.529128	0.36354953	4.826199	0.0	51.690323	
1191	8.582354	0.3906588	4.72874	0.0	49.75182	
1192	8.582354	0.3906588	4.72874	0.0	47.83972	
1193	8.582354	0.3906588	4.72874	0.0	45.730637	
1194	8.582354	0.3906588	4.72874	0.0	43.57844	
1195	8.582354	0.3906588	4.72874	0.0	41.51361	
1196	8.582354	0.3906588	4.72874	0.0	39.785023	
1197	8.610241	0.41629636	4.675556	0.0	38.067738	
1198	8.610241	0.41629636	4.675556	0.0	36.160793	
1199	8.610241	0.41629636	4.675556	0.0	34.074955	
1200	8.610241	0.41629636	4.675556	0.0	32.212917	
1201	8.610241	0.41629636	4.675556	0.0	30.310957	
1202	8.610241	0.41629636	4.675556	0.0	28.977795	
1203	8.610241	0.41629636	4.675556	0.0	27.81984	
1204	8.610241	0.41629636	4.675556	0.0	26.630217	
1205	8.610241	0.41629636	4.675556	0.0	25.158854	
1206	8.610241	0.41629636	4.675556	0.0	23.741459	
1207	8.610241	0.41629636	4.675556	0.0	22.158857	
1208	8.610241	0.41629636	4.675556	0.0	20.6364	
1209	8.610241	0.41629636	4.675556	0.0	19.205902	
1210	8.629286	0.44360608	4.637783	0.0	17.89203	
1211	8.629286	0.44360608	4.637783	0.0	16.5833	
1212	8.629286	0.44360608	4.637783	0.0	14.876846	
1213	8.629286	0.44360608	4.637783	0.0	12.973769	
1214	8.629286	0.44360608	4.637783	0.0	10.949536	
1215	8.645301	0.45782912	4.606468	0.0	8.937491	
1216	8.645301	0.45782912	4.606468	0.0	7.3815103	
1217	8.645301	0.45782912	4.606468	0.0	5.829538	
1218	8.645301	0.45782912	4.606468	0.0	4.043938	
1219	8.645301	0.45782912	4.606468	0.0	2.2522445	
1220	8.645301	0.45782912	4.606468	0.0	0.6954259	
1221	8.645301	0.45782912	4.606468	0.0	0.0	
1222	8.645301	0.45782912	4.606468	0.0	0.0	
1223	8.645301	0.45782912	4.606468	0.0	0.0	
1224	8.645301	0.45782912	4.606468	0.0	0.0	
1225	8.645301	0.45782912	4.606468	0.0	0.0	
1226	8.645301	0.45782912	4.606468	0.0	0.0	
1227	8.645301	0.45782912	4.606468	0.0	0.0	
1228	8.645301	0.45782912	4.606468	0.0	0.0	
1229	8.645301	0.45782912	4.606468	0.0	0.0	
1230	8.645301	0.45782912	4.606468	0.0	0.0	
1231	8.645301	0.45782912	4.606468	0.0	0.0	
1232	8.657287	0.47120064	4.582548	0.0	0.0	
1233	8.657287	0.47120064	4.582548	0.0	0.0	
1234	8.657287	0.47120064	4.582548	0.0	0.0	
1235	8.657287	0.47120064	4.582548	0.0	0.0	
1236	8.657287	0.47120064	4.582548	0.0	0.0	
1237	8.657287	0.47120064	4.582548	0.0	0.0	
1238	8.657287	0.47120064	4.582548	0.0	0.0	
1239	8.657287	0.47120064	4.582548	0.0	0.0	
1240	8.6684475	0.4956607	4.5588074	0.0	0.0	
1241	8.6684475	0.4956607	4.5588074	0.0	0.0	
1242	8.6684475	0.4956607	4.5588074	0.0	0.0	
1243	8.6684475	0.4956607	4.5588074	0.0	0.0	
1244	8.6684475	0.4956607	4.5588074	0.0	0.0	
1245	8.6684475	0.4956607	4.5588074	0.0	0.0	
1246	8.688147	0.4555686	4.5253673	0.0	0.0	
1247	8.688147	0.4555686	4.5253673	0.0	0.0	
1248	8.688147	0.4555686	4.5253673	0.0	0.0	
1249	8.688147	0.4555686	4.5253673	0.0	0.0	
1250	8.688147	0.4555686	4.5253673	0.0	0.0	
1251	8.688147	0.4555686	4.5253673	0.0	0.0	
1252	8.688147	0.4555686	4.5253673	0.0	0.0	
1253	8.688147	0.4555686	4.5253673	0.0	0.0	
1254	8.688147	0.4555686	4.5253673	0.0	0.0	
1255	8.688147	0.4555686	4.5253673	0.0	0.0	
1256	8.688147	0.4555686	4.5253673	0.0	0.0	
1257	8.688147	0.4555686	4.5253673	0.0	0.0	
1258	8.681373	0.45719826	4.538185	0.0	0.0	
1259	8.681373	0.45719826	4.538185	0.0	0.0	
1260	8.681373	0.45719826	4.538185	0.0	0.0	
1261	8.681373	0.45719826	4.538185	0.0	0.0	
1262	8.681373	0.45719826	4.538185	0.0	0.0	
1263	8.681373	0.45719826	4.538185	0.0	0.0	
1264	8.681373	0.45719826	4.538185	0.0	0.0	
1265	8.681373	0.45719826	4.538185	0.0	0.0	
1266	8.681373	0.45719826	4.538185	0.0	0.0	
1267	8.681373	0.45719826	4.538185	0.0	0.0	
1268	8.681373	0.45719826	4.538185	0.0	0.0	
1269	8.681373	0.45719826	4.538185	0.0	0.0	
1270	8.681373	0.45719826	4.538185	0.0	0.0	
1271	8.681373	0.45719826	4.538185	0.0	0.0	
1272	8.681373	0.45719826	4.538185	0.0	0.0	
1273	8.681373	0.45719826	4.538185	0.0	0.0	
1274	8.681373	0.45719826	4.538185	0.0	0.0	
1275	8.67532	0.46945232	4.5484977	0.0	0.0	
1276	8.674183	0.4527293	4.55236	0.0	0.0	
1277	8.674183	0.4527293	4.55236	0.0	0.0	
1278	8.674183	0.4527293	4.55236	0.0	0.0	
1279	8.674183	0.4527293	4.55236	0.0	0.0	
1280	8.674183	0.4527293	4.55236	0.0	0.0	
1281	8.674183	0.4527293	4.55236	0.0	0.0	
1282	8.674183	0.4527293	4.55236	0.0	0.0	
1283	8.674183	0.4527293	4.55236	0.0	0.0	
1284	8.674183	0.4527293	4.55236	0.0	0.0	
1285	8.674183	0.4527293	4.55236	0.0	0.0	
1286	8.674183	0.4527293	4.55236	0.0	0.0	
1287	8.674183	0.4527293	4.55236	0.0	0.0	
1288	8.671772	0.4783232	4.5543346	0.0	0.0	
1289	8.671772	0.4783232	4.5543346	0.0	0.0	
1290	8.671772	0.4783232	4.5543346	0.0	0.0	
1291	8.671772	0.4783232	4.5543346	0.0	0.0	
1292	8.671772	0.4783232	4.5543346	0.0	0.0	
1293	8.671772	0.4783232	4.5543346	0.0	0.0	
1294	8.671772	0.4783232	4.5543346	0.0	0.0	
1295	8.671772	0.4783232	4.5543346	0.0	0.0	
1296	8.675551	0.4793635	4.5470223	0.0	0.0	
1297	8.675551	0.4793635	4.5470223	0.0	0.0	
1298	8.675551	0.4793635	4.5470223	0.0	0.0	
1299	8.675551	0.4793635	4.5470223	0.0	0.0	
1300	8.675551	0.4793635	4.5470223	0.0	0.0	
1301	8.675551	0.4793635	4.5470223	0.0	0.0	
1302	8.675551	0.4793635	4.5470223	0.0	0.0	
1303	8.675551	0.4793635	4.5470223	0.0	0.0	
1304	8.675551	0.4793635	4.5470223	0.0	0.0	
1305	8.675551	0.4793635	4.5470223	0.0	0.0	
1306	8.675551	0.4793635	4.5470223	0.0	0.0	
1307	8.671025	0.4821879	4.5553493	0.0	0.0	
1308	8.671025	0.4821879	4.5553493	0.0	0.0	
1309	8.671025	0.4821879	4.5553493	0.0	0.0	
1310	8.671025	0.4821879	4.5553493	0.0	0.0	
1311	8.671025	0.4821879	4.5553493	0.0	0.0	
1312	8.671025	0.4821879	4.5553493	0.0	0.0	
1313	8.671025	0.4821879	4.5553493	0.0	0.0	
1314	8.671025	0.4821879	4.5553493	0.0	0.0	
1315	8.671025	0.4821879	4.5553493	0.0	0.0	
1316	8.671025	0.4821879	4.5553493	0.0	0.0	
1317	8.671025	0.4821879	4.5553493	0.0	0.0	
