frame	1/gravity/z	1/gravity/y	1/gravity/x	/actuator/heatintensity	/actuator/inflate	
1	5.419321	1.0522149	8.105196	0.0	0.0	
2	5.419321	1.0522149	8.105196	0.0	0.0	
3	5.419321	1.0522149	8.105196	0.0	0.0	
4	5.419321	1.0522149	8.105196	0.0	0.0	
5	5.419321	1.0522149	8.105196	0.0	0.0	
6	5.419321	1.0522149	8.105196	0.0	0.0	
7	5.402556	1.0612817	8.105196	0.0	0.0	
8	5.402556	1.0612817	8.105196	0.0	0.0	
9	5.402556	1.0612817	8.105196	0.0	0.0	
10	5.402556	1.0612817	8.105196	0.0	0.0	
11	5.402556	1.0612817	8.105196	0.0	0.0	
12	5.415213	1.0682367	8.105845	0.0	0.0	
13	5.415213	1.0682367	8.105845	0.0	0.0	
14	5.415213	1.0682367	8.105845	0.0	0.0	
15	5.415213	1.0682367	8.105845	0.0	0.0	
16	5.415213	1.0682367	8.105845	0.0	0.0	
17	5.415213	1.0682367	8.105845	0.0	0.0	
18	5.415213	1.0682367	8.105845	0.0	0.0	
19	5.415213	1.0682367	8.105845	0.0	0.0	
20	5.415213	1.0682367	8.105845	0.0	0.0	
21	5.415213	1.0682367	8.105845	0.0	0.0	
22	5.415213	1.0682367	8.105845	0.0	0.0	
23	5.415213	1.0682367	8.105845	0.0	0.0	
24	5.415213	1.0958124	8.11615	0.0	0.0	
25	5.39423	1.0958124	8.11615	0.0	0.0	
26	5.39423	1.0958124	8.11615	0.0	0.0	
27	5.39423	1.0958124	8.11615	0.0	0.0	
28	5.39423	1.0958124	8.11615	0.0	0.0	
29	5.39423	1.0958124	8.11615	0.0	0.0	
30	5.39423	1.0958124	8.11615	0.0	0.0	
31	5.39423	1.0958124	8.11615	0.0	0.0	
32	5.39423	1.0958124	8.11615	0.0	0.0	
33	5.39423	1.0958124	8.11615	0.0	0.0	
34	5.39423	1.0958124	8.11615	0.0	0.0	
35	5.39423	1.0958124	8.11615	0.0	0.0	
36	5.39423	1.0958124	8.11615	0.0	0.0	
37	5.400104	1.0681055	8.115937	0.0	0.0	
38	5.400104	1.0681055	8.115937	0.0	0.0	
39	5.400104	1.0681055	8.115937	0.0	0.0	
40	5.400104	1.0681055	8.115937	0.0	0.0	
41	5.400104	1.0681055	8.115937	0.0	0.0	
42	5.400104	1.0681055	8.115937	0.0	0.0	
43	5.400104	1.0681055	8.115937	0.0	0.0	
44	5.3875513	1.0809953	8.122569	0.0	0.0	
45	5.3875513	1.0809953	8.122569	0.0	0.0	
46	5.3875513	1.0809953	8.122569	0.0	0.0	
47	5.3875513	1.0809953	8.122569	0.0	0.0	
48	5.3875513	1.0809953	8.122569	0.0	0.0	
49	5.3875513	1.0809953	8.122569	0.0	0.0	
50	5.3875513	1.0809953	8.122569	0.0	0.0	
51	5.3875513	1.0809953	8.122569	0.0	0.0	
52	5.3875513	1.0809953	8.122569	0.0	0.0	
53	5.3875513	1.0809953	8.122569	0.0	0.0	
54	5.3875513	1.0809953	8.122569	0.0	0.0	
55	5.3875513	1.0809953	8.122569	0.0	0.0	
56	5.3875513	1.0809953	8.122569	0.0	0.0	
57	5.3663797	1.0659508	8.138557	0.0	0.0	
58	5.3663797	1.0659508	8.138557	0.0	0.0	
59	5.3663797	1.0659508	8.138557	0.0	0.0	
60	5.3663797	1.0659508	8.138557	0.0	0.0	
61	5.3532248	1.0746182	8.146077	0.0	0.0	
62	5.3532248	1.0746182	8.146077	0.0	0.0	
63	5.3532248	1.0746182	8.146077	0.0	0.0	
64	5.3532248	1.0746182	8.146077	0.0	0.0	
65	5.3532248	1.0746182	8.146077	0.0	0.0	
66	5.3532248	1.0746182	8.146077	0.0	0.0	
67	5.3532248	1.0746182	8.146077	0.0	0.0	
68	5.3532248	1.0746182	8.146077	0.0	0.0	
69	5.3532248	1.0746182	8.146077	0.0	0.0	
70	5.3532248	1.0746182	8.146077	0.0	0.0	
71	5.3532248	1.0746182	8.146077	0.0	0.0	
72	5.3532248	1.0746182	8.146077	0.0	7.962486	
73	5.3532248	1.072557	8.145902	0.0	8.082778	
74	5.3539047	1.072557	8.145902	0.0	8.319765	
75	5.3539047	1.072557	8.145902	0.0	8.559114	
76	5.3539047	1.072557	8.145902	0.0	8.798107	
77	5.3539047	1.072557	8.145902	0.0	9.035439	
78	5.3539047	1.072557	8.145902	0.0	9.387195	
79	5.3539047	1.072557	8.145902	0.0	10.206883	
80	5.3539047	1.072557	8.145902	0.0	11.494397	
81	5.3539047	1.072557	8.145902	0.0	12.919319	
82	5.3539047	1.072557	8.145902	0.0	14.79632	
83	5.3539047	1.072557	8.145902	0.0	17.13962	
84	5.3539047	1.072557	8.145902	0.0	19.830427	
85	5.3539047	1.072557	8.145902	0.0	22.570545	
86	5.3252435	1.0910865	8.162212	0.0	25.57709	
87	5.3252435	1.0910865	8.162212	0.0	29.329615	
88	5.3252435	1.0910865	8.162212	0.0	32.81726	
89	5.3252435	1.0910865	8.162212	0.0	36.73796	
90	5.3252435	1.0910865	8.162212	0.0	40.921535	
91	5.3252435	1.0910865	8.162212	0.0	44.98837	
92	5.30559	1.1092534	8.172557	0.0	49.419834	
93	5.30559	1.1092534	8.172557	0.0	53.54327	
94	5.30559	1.1092534	8.172557	0.0	57.53155	
95	5.30559	1.1092534	8.172557	0.0	61.593807	
96	5.30559	1.1092534	8.172557	0.0	65.03731	
97	5.30559	1.1092534	8.172557	0.0	68.65464	
98	5.30559	1.1092534	8.172557	0.0	72.47227	
99	5.30559	1.1092534	8.172557	0.0	75.654396	
100	5.30559	1.1092534	8.172557	0.0	78.93669	
101	5.30559	1.1092534	8.172557	0.0	82.530174	
102	5.30559	1.1092534	8.172557	0.0	85.696465	
103	5.30559	1.1092534	8.172557	0.0	88.66345	
104	5.3085647	1.1023781	8.171555	0.0	92.43612	
105	5.3085647	1.1023781	8.171555	0.0	96.10358	
106	5.3085647	1.1023781	8.171555	0.0	99.58461	
107	5.3085647	1.1023781	8.171555	0.0	103.748566	
108	5.3085647	1.1023781	8.171555	0.0	107.40902	
109	5.3085647	1.1023781	8.171555	0.0	111.90072	
110	5.312017	1.0876402	8.171286	0.0	116.51328	
111	5.312017	1.0876402	8.171286	0.0	121.384125	
112	5.312017	1.0876402	8.171286	0.0	126.7787	
113	5.312017	1.0876402	8.171286	0.0	132.37883	
114	5.312017	1.0876402	8.171286	0.0	138.0443	
115	5.312017	1.0876402	8.171286	0.0	144.40054	
116	5.312017	1.0876402	8.171286	0.0	150.12546	
117	5.312017	1.0876402	8.171286	0.0	156.10284	
118	5.312017	1.0876402	8.171286	0.0	161.88799	
119	5.312017	1.0876402	8.171286	0.0	167.64906	
120	5.312017	1.0876402	8.171286	0.0	172.82477	
121	5.312017	1.0876402	8.171286	0.0	177.9487	
122	5.3406377	1.0545974	8.156949	0.0	182.57108	
123	5.3406377	1.0545974	8.156949	0.0	187.0956	
124	5.3406377	1.0545974	8.156949	0.0	191.007	
125	5.3406377	1.0545974	8.156949	0.0	194.07787	
126	5.3406377	1.0545974	8.156949	0.0	196.49525	
127	5.3406377	1.0545974	8.156949	0.0	198.19441	
128	5.3406377	1.0545974	8.156949	0.0	199.20308	
129	5.3406377	1.0545974	8.156949	0.0	199.73909	
130	5.3406377	1.0545974	8.156949	0.0	199.98764	
131	5.3406377	1.0545974	8.156949	0.0	199.98764	
132	5.3406377	1.0545974	8.156949	0.0	198.9195	
133	5.3406377	1.0545974	8.156949	0.0	195.00946	
134	5.3661966	1.0366931	8.142457	0.0	189.69902	
135	5.3661966	1.0366931	8.142457	0.0	183.2022	
136	5.3661966	1.0366931	8.142457	0.0	178.02954	
137	5.3661966	1.0366931	8.142457	0.0	171.5226	
138	5.3661966	1.0366931	8.142457	0.0	165.34126	
139	5.3661966	1.0366931	8.142457	0.0	160.57037	
140	5.3519807	1.0243291	8.15337	0.0	157.45107	
141	5.3519807	1.0243291	8.15337	0.0	155.14467	
142	5.3519807	1.0243291	8.15337	0.0	153.75899	
143	5.3519807	1.0243291	8.15337	0.0	153.19771	
144	5.3519807	1.0243291	8.15337	0.0	153.09666	
145	5.3519807	1.0243291	8.15337	0.0	153.21906	
146	5.3519807	1.0243291	8.15337	0.0	153.9275	
147	5.3519807	1.0243291	8.15337	0.0	157.10771	
148	5.3519807	1.0243291	8.15337	0.0	162.12146	
149	5.3519807	1.0243291	8.15337	0.0	167.54337	
150	5.3519807	1.0243291	8.15337	0.0	173.19023	
151	5.3519807	1.0243291	8.15337	0.0	178.81618	
152	5.3519807	1.0243291	8.15337	0.0	183.88297	
153	5.334163	1.0111103	8.166686	0.0	189.02602	
154	5.334163	1.0111103	8.166686	0.0	193.57347	
155	5.334163	1.0111103	8.166686	0.0	196.96542	
156	5.334163	1.0111103	8.166686	0.0	199.86977	
157	5.334163	1.0111103	8.166686	0.0	201.87769	
158	5.334163	1.0111103	8.166686	0.0	202.99785	
159	5.334163	1.0111103	8.166686	0.0	203.6398	
160	5.334163	1.0111103	8.166686	0.0	203.92635	
161	5.334163	1.0111103	8.166686	0.0	203.90773	
162	5.334163	1.0111103	8.166686	0.0	202.6124	
163	5.334163	1.0111103	8.166686	0.0	199.68729	
164	5.334163	1.0111103	8.166686	0.0	195.65398	
165	5.331244	1.0277512	8.166515	0.0	190.77362	
166	5.331244	1.0277512	8.166515	0.0	186.71411	
167	5.331244	1.0277512	8.166515	0.0	181.39093	
168	5.331244	1.0277512	8.166515	0.0	177.31131	
169	5.331244	1.0277512	8.166515	0.0	167.83765	
170	5.331244	1.0277512	8.166515	0.0	167.83765	
171	5.3474565	1.0204381	8.156826	0.0	163.64282	
172	5.3474565	1.0204381	8.156826	0.0	159.55566	
173	5.3474565	1.0204381	8.156826	0.0	156.84505	
174	5.3474565	1.0204381	8.156826	0.0	154.85403	
175	5.3474565	1.0204381	8.156826	0.0	153.48193	
176	5.3474565	1.0204381	8.156826	0.0	152.30458	
177	5.3474565	1.0204381	8.156826	0.0	151.61458	
178	5.3474565	1.0204381	8.156826	0.0	150.9033	
179	5.3474565	1.0204381	8.156826	0.0	150.30917	
180	5.3474565	1.0204381	8.156826	0.0	149.95482	
181	5.3474565	1.0204381	8.156826	0.0	149.77321	
182	5.3474565	1.0204381	8.156826	0.0	149.77321	
183	5.3244367	0.99140996	8.175443	0.0	149.77321	
184	5.3244367	0.99140996	8.175443	0.0	150.27458	
185	5.3244367	0.99140996	8.175443	0.0	151.65283	
186	5.3244367	0.99140996	8.175443	0.0	153.84492	
187	5.3244367	0.99140996	8.175443	0.0	156.87775	
188	5.3244367	0.99140996	8.175443	0.0	160.54218	
189	5.3195133	1.0077287	8.176652	0.0	163.91063	
190	5.3195133	1.0077287	8.176652	0.0	167.90695	
191	5.3195133	1.0077287	8.176652	0.0	167.90695	
192	5.3195133	1.0077287	8.176652	0.0	176.47723	
193	5.3195133	1.0077287	8.176652	0.0	181.11566	
194	5.3195133	1.0077287	8.176652	0.0	184.61244	
195	5.3195133	1.0077287	8.176652	0.0	191.59451	
196	5.3195133	1.0077287	8.176652	0.0	191.59451	
197	5.3195133	1.0077287	8.176652	0.0	193.95152	
198	5.3195133	1.0077287	8.176652	0.0	195.6198	
199	5.3195133	1.0077287	8.176652	0.0	196.651	
200	5.3195133	1.0077287	8.176652	0.0	197.14032	
201	5.3247585	1.0213112	8.171552	0.0	197.37825	
202	5.3247585	1.0213112	8.171552	0.0	197.61377	
203	5.3247585	1.0213112	8.171552	0.0	197.75186	
204	5.3247585	1.0213112	8.171552	0.0	197.44974	
205	5.3247585	1.0213112	8.171552	0.0	194.54132	
206	5.3247585	1.0213112	8.171552	0.0	189.45242	
207	5.3247585	1.0213112	8.171552	0.0	183.43292	
208	5.3247585	1.0213112	8.171552	0.0	177.84842	
209	5.3247585	1.0213112	8.171552	0.0	169.93834	
210	5.3247585	1.0213112	8.171552	0.0	163.02373	
211	5.3247585	1.0213112	8.171552	0.0	157.41913	
212	5.3247585	1.0213112	8.171552	0.0	149.1888	
213	5.3455296	1.0036645	8.16017	0.0	144.20679	
214	5.3455296	1.0036645	8.16017	0.0	138.28221	
215	5.3455296	1.0036645	8.16017	0.0	133.64778	
216	5.3455296	1.0036645	8.16017	0.0	128.29579	
217	5.3455296	1.0036645	8.16017	0.0	124.21476	
218	5.3455296	1.0036645	8.16017	0.0	119.339775	
219	5.328168	1.0060836	8.171219	0.0	115.81673	
220	5.328168	1.0060836	8.171219	0.0	112.044876	
221	5.328168	1.0060836	8.171219	0.0	105.05759	
222	5.328168	1.0060836	8.171219	0.0	105.05759	
223	5.328168	1.0060836	8.171219	0.0	102.12271	
224	5.328168	1.0060836	8.171219	0.0	98.656494	
225	5.328168	1.0060836	8.171219	0.0	95.717285	
226	5.328168	1.0060836	8.171219	0.0	93.419174	
227	5.328168	1.0060836	8.171219	0.0	90.68509	
228	5.328168	1.0060836	8.171219	0.0	87.725845	
229	5.328168	1.0060836	8.171219	0.0	83.2936	
230	5.328168	1.0060836	8.171219	0.0	83.2936	
231	5.3223186	1.0178384	8.173574	0.0	81.20625	
232	5.3223186	1.0178384	8.173574	0.0	78.74897	
233	5.3223186	1.0178384	8.173574	0.0	76.5472	
234	5.3223186	1.0178384	8.173574	0.0	74.64385	
235	5.3223186	1.0178384	8.173574	0.0	71.54128	
236	5.3223186	1.0178384	8.173574	0.0	71.54128	
237	5.298565	1.0399737	8.186211	0.0	69.605515	
238	5.298565	1.0399737	8.186211	0.0	67.078926	
239	5.298565	1.0399737	8.186211	0.0	65.01891	
240	5.298565	1.0399737	8.186211	0.0	63.147057	
241	5.298565	1.0399737	8.186211	0.0	61.7887	
242	5.298565	1.0399737	8.186211	0.0	59.93206	
243	5.298565	1.0399737	8.186211	0.0	57.784855	
244	5.298565	1.0399737	8.186211	0.0	55.506718	
245	5.298565	1.0399737	8.186211	0.0	53.635075	
246	5.298565	1.0399737	8.186211	0.0	52.35459	
247	5.298565	1.0399737	8.186211	0.0	51.171024	
248	5.298565	1.0399737	8.186211	0.0	49.854	
249	5.298565	1.0399737	8.186211	0.0	48.43239	
250	5.271755	1.0573196	8.201284	0.0	46.86236	
251	5.271755	1.0573196	8.201284	0.0	45.080276	
252	5.271755	1.0573196	8.201284	0.0	43.640278	
253	5.271755	1.0573196	8.201284	0.0	42.213203	
254	5.271755	1.0573196	8.201284	0.0	40.78799	
255	5.271755	1.0573196	8.201284	0.0	37.135456	
256	5.271755	1.0573196	8.201284	0.0	37.135456	
257	5.271755	1.0573196	8.201284	0.0	35.011856	
258	5.271755	1.0573196	8.201284	0.0	33.090652	
259	5.271755	1.0573196	8.201284	0.0	31.462444	
260	5.271755	1.0573196	8.201284	0.0	30.153034	
261	5.271755	1.0758988	8.212589	0.0	27.027554	
262	5.2503533	1.0758988	8.212589	0.0	27.027554	
263	5.2503533	1.0758988	8.212589	0.0	25.120401	
264	5.2503533	1.0758988	8.212589	0.0	23.2861	
265	5.2503533	1.0758988	8.212589	0.0	21.801405	
266	5.2503533	1.0758988	8.212589	0.0	20.560293	
267	5.2503533	1.0758988	8.212589	0.0	19.179108	
268	5.2503533	1.0758988	8.212589	0.0	17.392035	
269	5.2503533	1.0758988	8.212589	0.0	15.371135	
270	5.2503533	1.0758988	8.212589	0.0	13.3370495	
271	5.2503533	1.0758988	8.212589	0.0	11.418186	
272	5.2503533	1.0758988	8.212589	0.0	10.274425	
273	5.2503533	1.0758988	8.212589	0.0	9.068433	
274	5.2503533	1.0758988	8.212589	0.0	6.8068013	
275	5.2503533	1.0758988	8.212589	0.0	6.8068013	
276	5.2503533	1.0758988	8.212589	0.0	5.89931	
277	5.2503533	1.0758988	8.212589	0.0	4.8301544	
278	5.2503533	1.0758988	8.212589	0.0	3.8671374	
279	5.2503533	1.0758988	8.212589	0.0	3.0397882	
280	5.2503533	1.0758988	8.212589	0.0	2.3435788	
281	5.2503533	1.0758988	8.212589	0.0	1.6283432	
282	5.2503533	1.0758988	8.212589	0.0	0.91314733	
283	5.2503533	1.0758988	8.212589	0.0	0.0	
284	5.2503533	1.0758988	8.212589	0.0	0.0	
285	5.2503533	1.0758988	8.212589	0.0	0.0	
286	5.2503533	1.0758988	8.212589	0.0	0.0	
287	5.2503533	1.0758988	8.212589	0.0	0.0	
288	5.2503533	1.0758988	8.212589	0.0	0.0	
289	5.2503533	1.0758988	8.212589	0.0	0.0	
290	5.2503533	1.0758988	8.212589	0.0	0.0	
291	5.2503533	1.0758988	8.212589	0.0	0.0	
292	5.2503533	1.0758988	8.212589	0.0	0.0	
293	5.2503533	1.0758988	8.212589	0.0	0.0	
294	5.2503533	1.0758988	8.212589	0.0	0.0	
295	5.2503533	1.0758988	8.212589	0.0	0.0	
296	5.2503533	1.0758988	8.212589	0.0	0.0	
297	5.2503533	1.0758988	8.212589	0.0	0.0	
298	5.2503533	1.0758988	8.212589	0.0	0.0	
299	5.2503533	1.0758988	8.212589	0.0	0.0	
300	5.2503533	1.0758988	8.212589	0.0	0.0	
301	5.2503533	1.0758988	8.212589	0.0	0.0	
302	5.2503533	1.0758988	8.212589	0.0	0.0	
303	5.2503533	1.0758988	8.212589	0.0	0.0	
304	5.2503533	1.0758988	8.212589	0.0	0.0	
305	5.2503533	1.0758988	8.212589	0.0	0.0	
306	5.2503533	1.0758988	8.212589	0.0	0.0	
307	5.2503533	1.0758988	8.212589	0.0	0.0	
308	5.2503533	1.0758988	8.212589	0.0	0.0	
309	5.2503533	1.0758988	8.212589	0.0	0.0	
310	5.2503533	1.0758988	8.212589	0.0	0.0	
311	5.2503533	1.0758988	8.212589	0.0	0.0	
312	5.2503533	1.0758988	8.212589	0.0	0.0	
313	5.2503533	1.0758988	8.212589	0.0	0.0	
314	5.2503533	1.0758988	8.212589	0.0	0.0	
315	5.2503533	1.0758988	8.212589	0.0	0.0	
316	5.2503533	1.0758988	8.212589	0.0	0.0	
317	5.2503533	1.0758988	8.212589	0.0	0.0	
318	5.2503533	1.0758988	8.212589	0.0	0.0	
319	5.2503533	1.0758988	8.212589	0.0	0.0	
320	5.2503533	1.0758988	8.212589	0.0	0.0	
321	5.2503533	1.0758988	8.212589	0.0	0.0	
322	5.2503533	1.0758988	8.212589	0.0	0.0	
323	5.2503533	1.0758988	8.212589	0.0	3.4085655	
324	5.2503533	1.0758988	8.212589	0.0	7.366241	
325	5.2503533	1.0758988	8.212589	0.0	12.846201	
326	5.2503533	1.0758988	8.212589	0.0	17.471115	
327	5.2503533	1.0758988	8.212589	0.0	23.271523	
328	5.2503533	1.0758988	8.212589	0.0	28.170826	
329	5.2503533	1.0758988	8.212589	0.0	34.43125	
330	5.2503533	1.0758988	8.212589	0.0	39.72598	
331	5.2503533	1.0758988	8.212589	0.0	45.764793	
332	5.2503533	1.0758988	8.212589	0.0	51.23319	
333	5.2503533	1.0758988	8.212589	0.0	56.746536	
334	5.2503533	1.0758988	8.212589	0.0	62.11748	
335	5.2503533	1.0758988	8.212589	0.0	67.45168	
336	5.2503533	1.0758988	8.212589	0.0	72.65286	
337	5.2503533	1.0758988	8.212589	0.0	77.92951	
338	5.2503533	1.0758988	8.212589	0.0	82.513405	
339	5.2503533	1.0758988	8.212589	0.0	87.07478	
340	5.2503533	1.0758988	8.212589	0.0	90.55793	
341	5.2503533	1.0758988	8.212589	0.0	93.6539	
342	5.2503533	1.0758988	8.212589	0.0	96.00556	
343	5.2503533	1.0758988	8.212589	0.0	97.515594	
344	5.2503533	1.0758988	8.212589	0.0	98.61696	
345	5.2503533	1.0758988	8.212589	0.0	99.14211	
346	5.2503533	1.0758988	8.212589	0.0	99.46831	
347	5.2503533	1.0758988	8.212589	0.0	99.70551	
348	5.2503533	1.0758988	8.212589	0.0	99.6796	
349	5.2503533	1.0758988	8.212589	0.0	98.86316	
350	5.2503533	1.0758988	8.212589	0.0	96.49255	
351	5.2503533	1.0758988	8.212589	0.0	93.86881	
352	5.2503533	1.0758988	8.212589	0.0	90.219635	
353	5.2503533	1.0758988	8.212589	0.0	85.96915	
354	5.2503533	1.0758988	8.212589	0.0	82.22891	
355	5.2503533	1.0758988	8.212589	0.0	82.22891	
356	5.2503533	1.0758988	8.212589	0.0	74.60348	
357	5.2503533	1.0758988	8.212589	0.0	72.55093	
358	5.2503533	1.0758988	8.212589	0.0	71.208244	
359	5.2503533	1.0758988	8.212589	0.0	70.23861	
360	5.2503533	1.0758988	8.212589	0.0	69.8475	
361	5.2503533	1.0758988	8.212589	0.0	69.76847	
362	5.2503533	1.0758988	8.212589	0.0	69.76847	
363	5.2503533	1.0758988	8.212589	0.0	69.76847	
364	5.2503533	1.0758988	8.212589	0.0	70.33411	
365	5.2503533	1.0758988	8.212589	0.0	72.380295	
366	5.2503533	1.0758988	8.212589	0.0	76.4978	
367	5.2503533	1.0758988	8.212589	0.0	81.206314	
368	5.2503533	1.0758988	8.212589	0.0	86.80505	
369	5.2503533	1.0758988	8.212589	0.0	91.91068	
370	5.2503533	1.0758988	8.212589	0.0	97.15229	
371	5.2503533	1.0758988	8.212589	0.0	101.3577	
372	5.2503533	1.0758988	8.212589	0.0	104.86981	
373	5.2503533	1.0758988	8.212589	0.0	107.082664	
374	5.2503533	1.0758988	8.212589	0.0	108.29062	
375	5.2503533	1.0758988	8.212589	0.0	108.83761	
376	5.2503533	1.0758988	8.212589	0.0	109.15248	
377	5.2503533	1.0758988	8.212589	0.0	109.227	
378	5.2503533	1.0758988	8.212589	0.0	107.89742	
379	5.2503533	1.0758988	8.212589	0.0	104.752914	
380	5.2503533	1.0758988	8.212589	0.0	104.752914	
381	5.2503533	1.0758988	8.212589	0.0	95.621124	
382	5.2503533	1.0758988	8.212589	0.0	91.09872	
383	5.2503533	1.0758988	8.212589	0.0	86.01037	
384	5.2503533	1.0758988	8.212589	0.0	82.10818	
385	5.2503533	1.0758988	8.212589	0.0	78.292984	
386	5.2503533	1.0758988	8.212589	0.0	75.635956	
387	5.2503533	1.0758988	8.212589	0.0	74.38681	
388	5.2503533	1.0758988	8.212589	0.0	73.808304	
389	5.2503533	1.0758988	8.212589	0.0	73.57422	
390	5.2503533	1.0758988	8.212589	0.0	73.57422	
391	5.2503533	1.0758988	8.212589	0.0	73.57422	
392	5.2503533	1.0758988	8.212589	0.0	73.92163	
393	5.2503533	1.0758988	8.212589	0.0	75.75104	
394	5.2503533	1.0758988	8.212589	0.0	78.9202	
395	5.2503533	1.0758988	8.212589	0.0	83.028725	
396	5.2503533	1.0758988	8.212589	0.0	88.40576	
397	5.2503533	1.0758988	8.212589	0.0	93.79943	
398	5.2503533	1.0758988	8.212589	0.0	99.52871	
399	5.2503533	1.0758988	8.212589	0.0	104.607796	
400	5.2503533	1.0758988	8.212589	0.0	109.302315	
401	5.2503533	1.0758988	8.212589	0.0	113.28775	
402	5.2503533	1.0758988	8.212589	0.0	116.743515	
403	5.2503533	1.0758988	8.212589	0.0	119.17849	
404	5.2503533	1.0758988	8.212589	0.0	120.80457	
405	5.2503533	1.0758988	8.212589	0.0	121.74863	
406	5.2503533	1.0758988	8.212589	0.0	122.221306	
407	5.2503533	1.0758988	8.212589	0.0	122.458305	
408	5.2503533	1.0758988	8.212589	0.0	122.641685	
409	5.2503533	1.0758988	8.212589	0.0	122.641685	
410	5.2503533	1.0758988	8.212589	0.0	120.920616	
411	5.2503533	1.0758988	8.212589	0.0	117.2031	
412	5.2503533	1.0758988	8.212589	0.0	112.91887	
413	5.2503533	1.0758988	8.212589	0.0	107.19426	
414	5.2503533	1.0758988	8.212589	0.0	100.9813	
415	5.2503533	1.0758988	8.212589	0.0	93.99844	
416	5.2503533	1.0758988	8.212589	0.0	88.261	
417	5.2503533	1.0758988	8.212589	0.0	82.70712	
418	5.2503533	1.0758988	8.212589	0.0	75.54791	
419	5.2503533	1.0758988	8.212589	0.0	72.050606	
420	5.2503533	1.0758988	8.212589	0.0	67.01641	
421	5.2503533	1.0758988	8.212589	0.0	62.636734	
422	5.2503533	1.0758988	8.212589	0.0	58.44919	
423	5.2503533	1.0758988	8.212589	0.0	54.5239	
424	5.2503533	1.0758988	8.212589	0.0	51.690758	
425	5.2503533	1.0758988	8.212589	0.0	48.86231	
426	5.2503533	1.0758988	8.212589	0.0	45.988537	
427	5.2503533	1.0758988	8.212589	0.0	43.446312	
428	5.2503533	1.0758988	8.212589	0.0	41.182034	
429	5.2503533	1.0758988	8.212589	0.0	38.93468	
430	5.2503533	1.0758988	8.212589	0.0	36.331142	
431	5.2503533	1.0758988	8.212589	0.0	33.92374	
432	5.2503533	1.0758988	8.212589	0.0	31.741718	
433	5.2503533	1.0758988	8.212589	0.0	29.823997	
434	5.2503533	1.0758988	8.212589	0.0	27.842995	
435	5.2503533	1.0758988	8.212589	0.0	25.697142	
436	5.2503533	1.0758988	8.212589	0.0	23.55575	
437	5.2503533	1.0758988	8.212589	0.0	21.491592	
438	5.2503533	1.0758988	8.212589	0.0	19.705832	
439	5.2503533	1.0758988	8.212589	0.0	17.793182	
440	5.2503533	1.0758988	8.212589	0.0	15.569949	
441	5.2503533	1.0758988	8.212589	0.0	13.236236	
442	5.2503533	1.0758988	8.212589	0.0	11.224603	
443	5.2503533	1.0758988	8.212589	0.0	9.680066	
444	5.2503533	1.0758988	8.212589	0.0	8.239888	
445	5.2503533	1.0758988	8.212589	0.0	6.9334407	
446	5.2503533	1.0758988	8.212589	0.0	5.5084796	
447	5.2503533	1.0758988	8.212589	0.0	4.235596	
448	5.2503533	1.0758988	8.212589	0.0	3.046958	
449	5.2503533	1.0758988	8.212589	0.0	2.1722484	
450	5.2503533	1.0758988	8.212589	0.0	1.3325247	
451	5.2503533	1.0758988	8.212589	0.0	0.61738193	
452	5.2503533	1.0758988	8.212589	0.0	0.04613867	
453	5.2503533	1.0758988	8.212589	0.0	0.0	
454	5.2503533	1.0758988	8.212589	0.0	0.0	
455	5.2503533	1.0758988	8.212589	0.0	0.0	
456	5.2503533	1.0758988	8.212589	0.0	0.0	
457	5.2503533	1.0758988	8.212589	0.0	0.0	
458	5.2503533	1.0758988	8.212589	0.0	0.0	
459	5.2503533	1.0758988	8.212589	0.0	0.0	
460	5.2503533	1.0758988	8.212589	0.0	0.0	
461	5.2503533	1.0758988	8.212589	0.0	0.0	
462	5.2503533	1.0758988	8.212589	0.0	0.0	
463	5.2503533	1.0758988	8.212589	0.0	0.0	
464	5.2503533	1.0758988	8.212589	0.0	0.0	
465	5.2503533	1.0758988	8.212589	0.0	0.0	
466	5.2503533	1.0758988	8.212589	0.0	0.0	
467	5.2503533	1.0758988	8.212589	0.0	0.0	
468	5.2503533	1.0758988	8.212589	0.0	0.0	
469	5.2503533	1.0758988	8.212589	0.0	0.0	
470	5.2503533	1.0758988	8.212589	0.0	0.0	
471	5.2503533	1.0758988	8.212589	0.0	0.0	
472	5.2503533	1.0758988	8.212589	0.0	0.0	
473	5.2503533	1.0758988	8.212589	0.0	0.0	
474	5.2503533	1.0758988	8.212589	0.0	0.0	
475	5.2503533	1.0758988	8.212589	0.0	0.0	
476	5.2503533	1.0758988	8.212589	0.0	0.0	
477	5.2503533	1.0758988	8.212589	0.0	0.0	
478	5.2503533	1.0758988	8.212589	0.0	0.0	
479	5.2503533	1.0758988	8.212589	0.0	0.0	
480	5.2503533	1.0758988	8.212589	0.0	0.0	
481	5.2503533	1.0758988	8.212589	0.0	0.0	
482	5.2503533	1.0758988	8.212589	0.0	0.0	
483	5.2503533	1.0758988	8.212589	0.0	0.0	
484	5.2503533	1.0758988	8.212589	0.0	0.0	
485	5.2503533	1.0758988	8.212589	0.0	0.0	
486	5.2503533	1.0758988	8.212589	0.0	0.0	
487	5.2503533	1.0758988	8.212589	0.0	0.0	
488	5.2503533	1.0758988	8.212589	0.0	0.0	
489	5.2503533	1.0758988	8.212589	0.0	0.0	
490	5.2503533	1.0758988	8.212589	0.0	0.0	
491	5.2503533	1.0758988	8.212589	0.0	0.0	
492	5.2503533	1.0758988	8.212589	0.0	0.0	
493	5.2503533	1.0758988	8.212589	0.0	0.0	
494	5.2503533	1.0758988	8.212589	0.0	0.0	
495	5.2503533	1.0758988	8.212589	0.0	0.0	
496	5.2503533	1.0758988	8.212589	0.0	0.0	
497	5.2503533	1.0758988	8.212589	0.0	0.0	
498	5.2503533	1.0758988	8.212589	0.0	0.0	
499	5.2503533	1.0758988	8.212589	0.0	0.0	
500	5.2503533	1.0758988	8.212589	0.0	0.0	
501	5.2503533	1.0758988	8.212589	0.0	0.0	
502	5.2503533	1.0758988	8.212589	0.0	0.0	
503	5.2503533	1.0758988	8.212589	0.0	0.0	
504	5.2503533	1.0758988	8.212589	0.0	0.0	
505	5.2503533	1.0758988	8.212589	0.0	0.0	
506	5.2503533	1.0758988	8.212589	0.0	0.0	
507	5.2503533	1.0758988	8.212589	0.0	0.0	
508	5.2503533	1.0758988	8.212589	0.0	0.0	
509	5.2503533	1.0758988	8.212589	0.0	0.0	
510	5.2503533	1.0758988	8.212589	0.0	0.0	
511	5.2503533	1.0758988	8.212589	0.0	0.0	
512	5.2503533	1.0758988	8.212589	0.0	62.045837	
513	5.2503533	1.0758988	8.212589	0.0	68.10853	
514	5.2503533	1.0758988	8.212589	0.0	74.38638	
515	5.2503533	1.0758988	8.212589	0.0	79.79988	
516	5.2503533	1.0758988	8.212589	0.0	85.020935	
517	5.2503533	1.0758988	8.212589	0.0	90.56117	
518	5.2503533	1.0758988	8.212589	0.0	95.9528	
519	5.2503533	1.0758988	8.212589	0.0	101.117935	
520	5.2503533	1.0758988	8.212589	0.0	106.54987	
521	5.2503533	1.0758988	8.212589	0.0	111.40171	
522	5.2503533	1.0758988	8.212589	0.0	116.48042	
523	5.2503533	1.0758988	8.212589	0.0	121.779655	
524	5.2503533	1.0758988	8.212589	0.0	127.44189	
525	5.2503533	1.0758988	8.212589	0.0	132.40297	
526	5.2503533	1.0758988	8.212589	0.0	138.28406	
527	5.2503533	1.0758988	8.212589	0.0	143.50444	
528	5.2503533	1.0758988	8.212589	0.0	149.7646	
529	5.2503533	1.0758988	8.212589	0.0	154.53415	
530	5.2503533	1.0758988	8.212589	0.0	160.43272	
531	5.2503533	1.0758988	8.212589	0.0	165.77962	
532	5.2503533	1.0758988	8.212589	0.0	172.24513	
533	5.2503533	1.0758988	8.212589	0.0	172.24513	
534	5.2503533	1.0758988	8.212589	0.0	184.51073	
535	5.2503533	1.0758988	8.212589	0.0	190.02954	
536	5.2503533	1.0758988	8.212589	0.0	195.55936	
537	5.2503533	1.0758988	8.212589	0.0	202.02948	
538	5.2503533	1.0758988	8.212589	0.0	207.5493	
539	5.2503533	1.0758988	8.212589	0.0	213.38869	
540	5.2503533	1.0758988	8.212589	0.0	218.22664	
541	5.2503533	1.0758988	8.212589	0.0	222.78804	
542	5.2503533	1.0758988	8.212589	0.0	225.9729	
543	5.2503533	1.0758988	8.212589	0.0	227.83736	
544	5.2503533	1.0758988	8.212589	0.0	228.951	
545	5.2503533	1.0758988	8.212589	0.0	229.48097	
546	5.2503533	1.0758988	8.212589	0.0	229.77647	
547	5.2503533	1.0758988	8.212589	0.0	229.74948	
548	5.2503533	1.0758988	8.212589	0.0	228.88774	
549	5.2503533	1.0758988	8.212589	0.0	225.52077	
550	5.2503533	1.0758988	8.212589	0.0	220.10269	
551	5.2503533	1.0758988	8.212589	0.0	213.27124	
552	5.2503533	1.0758988	8.212589	0.0	205.56491	
553	5.2503533	1.0758988	8.212589	0.0	199.11568	
554	5.2503533	1.0758988	8.212589	0.0	190.38147	
555	5.2503533	1.0758988	8.212589	0.0	188.07175	
556	5.2503533	1.0758988	8.212589	0.0	184.51189	
557	5.2503533	1.0758988	8.212589	0.0	182.27202	
558	5.2503533	1.0758988	8.212589	0.0	181.30574	
559	5.2503533	1.0758988	8.212589	0.0	180.87698	
560	5.2503533	1.0758988	8.212589	0.0	180.87698	
561	5.2503533	1.0758988	8.212589	0.0	181.01372	
562	5.2503533	1.0758988	8.212589	0.0	182.2509	
563	5.2503533	1.0758988	8.212589	0.0	185.68669	
564	5.2503533	1.0758988	8.212589	0.0	192.50768	
565	5.2503533	1.0758988	8.212589	0.0	199.78154	
566	5.2503533	1.0758988	8.212589	0.0	206.71155	
567	5.2503533	1.0758988	8.212589	0.0	213.58997	
568	5.2503533	1.0758988	8.212589	0.0	219.5332	
569	5.2503533	1.0758988	8.212589	0.0	224.51222	
570	5.2503533	1.0758988	8.212589	0.0	227.61057	
571	5.2503533	1.0758988	8.212589	0.0	229.55687	
572	5.2503533	1.0758988	8.212589	0.0	230.38362	
573	5.2503533	1.0758988	8.212589	0.0	230.65097	
574	5.2503533	1.0758988	8.212589	0.0	230.43443	
575	5.2503533	1.0758988	8.212589	0.0	228.09242	
576	5.2503533	1.0758988	8.212589	0.0	223.06448	
577	5.2503533	1.0758988	8.212589	0.0	217.34918	
578	5.2503533	1.0758988	8.212589	0.0	210.88022	
579	5.2503533	1.0758988	8.212589	0.0	203.9071	
580	5.2503533	1.0758988	8.212589	0.0	198.42226	
581	5.2503533	1.0758988	8.212589	0.0	192.15416	
582	5.2503533	1.0758988	8.212589	0.0	192.15416	
583	5.2503533	1.0758988	8.212589	0.0	183.16579	
584	5.2503533	1.0758988	8.212589	0.0	179.88866	
585	5.2503533	1.0758988	8.212589	0.0	178.32	
586	5.2503533	1.0758988	8.212589	0.0	177.50919	
587	5.2503533	1.0758988	8.212589	0.0	177.22942	
588	5.2503533	1.0758988	8.212589	0.0	177.22942	
589	5.2503533	1.0758988	8.212589	0.0	177.22942	
590	5.2503533	1.0758988	8.212589	0.0	177.40138	
591	5.2503533	1.0758988	8.212589	0.0	177.94513	
592	5.2503533	1.0758988	8.212589	0.0	179.87968	
593	5.2503533	1.0758988	8.212589	0.0	182.79823	
594	5.2503533	1.0758988	8.212589	0.0	185.75015	
595	5.2503533	1.0758988	8.212589	0.0	190.26799	
596	5.2503533	1.0758988	8.212589	0.0	194.37419	
597	5.2503533	1.0758988	8.212589	0.0	198.21504	
598	5.2503533	1.0758988	8.212589	0.0	202.37863	
599	5.2503533	1.0758988	8.212589	0.0	205.45514	
600	5.2503533	1.0758988	8.212589	0.0	207.83147	
601	5.2503533	1.0758988	8.212589	0.0	210.07222	
602	5.2503533	1.0758988	8.212589	0.0	211.65115	
603	5.2503533	1.0758988	8.212589	0.0	212.7496	
604	5.2503533	1.0758988	8.212589	0.0	213.36797	
605	5.2503533	1.0758988	8.212589	0.0	213.6244	
606	5.2503533	1.0758988	8.212589	0.0	213.76491	
607	5.2503533	1.0758988	8.212589	0.0	213.76491	
608	5.2503533	1.0758988	8.212589	0.0	213.37688	
609	5.2503533	1.0758988	8.212589	0.0	211.47049	
610	5.2503533	1.0758988	8.212589	0.0	207.94456	
611	5.2503533	1.0758988	8.212589	0.0	202.39972	
612	5.2503533	1.0758988	8.212589	0.0	196.56432	
613	5.2503533	1.0758988	8.212589	0.0	189.45052	
614	5.2503533	1.0758988	8.212589	0.0	183.30087	
615	5.2503533	1.0758988	8.212589	0.0	177.55807	
616	5.2503533	1.0758988	8.212589	0.0	171.29599	
617	5.2503533	1.0758988	8.212589	0.0	166.0117	
618	5.2503533	1.0758988	8.212589	0.0	160.34457	
619	5.2503533	1.0758988	8.212589	0.0	156.39232	
620	5.2503533	1.0758988	8.212589	0.0	151.97563	
621	5.2503533	1.0758988	8.212589	0.0	147.61476	
622	5.2503533	1.0758988	8.212589	0.0	144.50928	
623	5.2503533	1.0758988	8.212589	0.0	140.48561	
624	5.2503533	1.0758988	8.212589	0.0	137.20317	
625	5.2503533	1.0758988	8.212589	0.0	134.05359	
626	5.2503533	1.0758988	8.212589	0.0	130.55489	
627	5.2503533	1.0758988	8.212589	0.0	127.143715	
628	5.2503533	1.0758988	8.212589	0.0	124.04684	
629	5.2503533	1.0758988	8.212589	0.0	120.19282	
630	5.2503533	1.0758988	8.212589	0.0	116.37941	
631	5.2503533	1.0758988	8.212589	0.0	113.33293	
632	5.2503533	1.0758988	8.212589	0.0	109.266754	
633	5.2503533	1.0758988	8.212589	0.0	105.70413	
634	5.2503533	1.0758988	8.212589	0.0	102.09082	
635	5.2503533	1.0758988	8.212589	0.0	97.65515	
636	5.2503533	1.0758988	8.212589	0.0	94.07634	
637	5.2503533	1.0758988	8.212589	0.0	89.82857	
638	5.2503533	1.0758988	8.212589	0.0	85.747345	
639	5.2503533	1.0758988	8.212589	0.0	82.05514	
640	5.2503533	1.0758988	8.212589	0.0	78.055405	
641	5.2503533	1.0758988	8.212589	0.0	74.19689	
642	5.2503533	1.0758988	8.212589	0.0	70.51483	
643	5.2503533	1.0758988	8.212589	0.0	66.59593	
644	5.2503533	1.0758988	8.212589	0.0	63.1483	
645	5.2503533	1.0758988	8.212589	0.0	59.690548	
646	5.2503533	1.0758988	8.212589	0.0	56.212864	
647	5.2503533	1.0758988	8.212589	0.0	53.170055	
648	5.2503533	1.0758988	8.212589	0.0	50.666515	
649	5.2503533	1.0758988	8.212589	0.0	47.802006	
650	5.2503533	1.0758988	8.212589	0.0	44.87253	
651	5.2503533	1.0758988	8.212589	0.0	42.32167	
652	5.2503533	1.0758988	8.212589	0.0	42.32167	
653	5.2503533	1.0758988	8.212589	0.0	36.836514	
654	5.2503533	1.0758988	8.212589	0.0	33.92374	
655	5.2503533	1.0758988	8.212589	0.0	31.504055	
656	5.2503533	1.0758988	8.212589	0.0	29.415825	
657	5.2503533	1.0758988	8.212589	0.0	27.275908	
658	5.2503533	1.0758988	8.212589	0.0	25.007664	
659	5.2503533	1.0758988	8.212589	0.0	22.639402	
660	5.2503533	1.0758988	8.212589	0.0	20.749815	
661	5.2503533	1.0758988	8.212589	0.0	18.978462	
662	5.2503533	1.0758988	8.212589	0.0	16.810661	
663	5.2503533	1.0758988	8.212589	0.0	14.1340475	
664	5.2503533	1.0758988	8.212589	0.0	12.170864	
665	5.2503533	1.0758988	8.212589	0.0	10.651434	
666	5.2503533	1.0758988	8.212589	0.0	9.358343	
667	5.2503533	1.0758988	8.212589	0.0	8.159906	
668	5.2503533	1.0758988	8.212589	0.0	6.8408713	
669	5.2503533	1.0758988	8.212589	0.0	5.649577	
670	5.2503533	1.0758988	8.212589	0.0	4.466502	
671	5.2503533	1.0758988	8.212589	0.0	3.517798	
672	5.2503533	1.0758988	8.212589	0.0	2.7889931	
673	5.2503533	1.0758988	8.212589	0.0	2.0718055	
674	5.2503533	1.0758988	8.212589	0.0	1.4612349	
675	5.2503533	1.0758988	8.212589	0.0	0.9853494	
676	5.2503533	1.0758988	8.212589	0.0	0.5101676	
677	5.2503533	1.0758988	8.212589	0.0	0.033419	
678	5.2503533	1.0758988	8.212589	0.0	0.0	
679	5.2503533	1.0758988	8.212589	0.0	0.0	
680	5.2503533	1.0758988	8.212589	0.0	0.0	
681	5.2503533	1.0758988	8.212589	0.0	0.0	
682	5.2503533	1.0758988	8.212589	0.0	0.0	
683	5.2503533	1.0758988	8.212589	0.0	0.0	
684	5.2503533	1.0758988	8.212589	0.0	0.0	
685	5.2503533	1.0758988	8.212589	0.0	0.0	
686	5.2503533	1.0758988	8.212589	0.0	0.0	
687	5.2503533	1.0758988	8.212589	0.0	0.0	
688	5.2503533	1.0758988	8.212589	0.0	0.0	
689	5.2503533	1.0758988	8.212589	0.0	0.0	
690	5.2503533	1.0758988	8.212589	0.0	0.0	
691	5.2503533	1.0758988	8.212589	0.0	0.0	
692	5.2503533	1.0758988	8.212589	0.0	0.0	
693	5.2503533	1.0758988	8.212589	0.0	0.0	
694	5.2503533	1.0758988	8.212589	0.0	0.0	
695	5.2503533	1.0758988	8.212589	0.0	0.0	
696	5.2503533	1.0758988	8.212589	0.0	0.0	
697	5.2503533	1.0758988	8.212589	0.0	0.0	
698	5.2503533	1.0758988	8.212589	0.0	0.0	
699	5.2503533	1.0758988	8.212589	0.0	0.0	
700	5.2503533	1.0758988	8.212589	0.0	0.0	
701	5.2503533	1.0758988	8.212589	0.0	0.0	
702	5.2503533	1.0758988	8.212589	0.0	0.0	
703	5.2503533	1.0758988	8.212589	0.0	0.0	
704	5.2503533	1.0758988	8.212589	0.0	0.0	
705	5.2503533	1.0758988	8.212589	0.0	0.0	
706	5.2503533	1.0758988	8.212589	0.0	0.0	
707	5.2503533	1.0758988	8.212589	0.0	0.0	
708	5.2503533	1.0758988	8.212589	0.0	26.17227	
709	5.2503533	1.0758988	8.212589	0.0	34.48788	
710	5.2503533	1.0758988	8.212589	0.0	41.433563	
711	5.2503533	1.0758988	8.212589	0.0	49.428307	
712	5.2503533	1.0758988	8.212589	0.0	55.992783	
713	5.2503533	1.0758988	8.212589	0.0	62.990913	
714	5.2503533	1.0758988	8.212589	0.0	68.9397	
715	5.2503533	1.0758988	8.212589	0.0	75.78616	
716	5.2503533	1.0758988	8.212589	0.0	81.595474	
717	5.2503533	1.0758988	8.212589	0.0	87.79836	
718	5.2503533	1.0758988	8.212589	0.0	94.442444	
719	5.2503533	1.0758988	8.212589	0.0	100.42241	
720	5.2503533	1.0758988	8.212589	0.0	107.36287	
721	5.2503533	1.0758988	8.212589	0.0	113.696556	
722	5.2503533	1.0758988	8.212589	0.0	120.11114	
723	5.2503533	1.0758988	8.212589	0.0	126.961525	
724	5.2503533	1.0758988	8.212589	0.0	133.30284	
725	5.2503533	1.0758988	8.212589	0.0	139.81589	
726	5.2503533	1.0758988	8.212589	0.0	143.80826	
727	5.2503533	1.0758988	8.212589	0.0	150.61034	
728	5.2503533	1.0758988	8.212589	0.0	153.9563	
729	5.2503533	1.0758988	8.212589	0.0	157.14825	
730	5.2503533	1.0758988	8.212589	0.0	159.14777	
731	5.2503533	1.0758988	8.212589	0.0	160.20656	
732	5.2503533	1.0758988	8.212589	0.0	160.74913	
733	5.2503533	1.0758988	8.212589	0.0	160.9694	
734	5.2503533	1.0758988	8.212589	0.0	161.07297	
735	5.2503533	1.0758988	8.212589	0.0	160.17207	
736	5.2503533	1.0758988	8.212589	0.0	157.47372	
737	5.2503533	1.0758988	8.212589	0.0	151.86116	
738	5.2503533	1.0758988	8.212589	0.0	145.31085	
739	5.2503533	1.0758988	8.212589	0.0	138.07555	
740	5.2503533	1.0758988	8.212589	0.0	131.57826	
741	5.2503533	1.0758988	8.212589	0.0	126.08067	
742	5.2503533	1.0758988	8.212589	0.0	121.69539	
743	5.2503533	1.0758988	8.212589	0.0	118.71065	
744	5.2503533	1.0758988	8.212589	0.0	117.28036	
745	5.2503533	1.0758988	8.212589	0.0	116.866264	
746	5.2503533	1.0758988	8.212589	0.0	116.840744	
747	5.2503533	1.0758988	8.212589	0.0	117.051796	
748	5.2503533	1.0758988	8.212589	0.0	118.0496	
749	5.2503533	1.0758988	8.212589	0.0	121.6726	
750	5.2503533	1.0758988	8.212589	0.0	128.9139	
751	5.2503533	1.0758988	8.212589	0.0	139.45549	
752	5.2503533	1.0758988	8.212589	0.0	149.1763	
753	5.2503533	1.0758988	8.212589	0.0	158.40929	
754	5.2503533	1.0758988	8.212589	0.0	166.81146	
755	5.2503533	1.0758988	8.212589	0.0	175.3534	
756	5.2503533	1.0758988	8.212589	0.0	181.79997	
757	5.2503533	1.0758988	8.212589	0.0	186.83717	
758	5.2503533	1.0758988	8.212589	0.0	190.7213	
759	5.2503533	1.0758988	8.212589	0.0	192.5069	
760	5.2503533	1.0758988	8.212589	0.0	193.22704	
761	5.2503533	1.0758988	8.212589	0.0	193.50262	
762	5.2503533	1.0758988	8.212589	0.0	193.64285	
763	5.2503533	1.0758988	8.212589	0.0	191.39386	
764	5.2503533	1.0758988	8.212589	0.0	187.37915	
765	5.2503533	1.0758988	8.212589	0.0	180.88367	
766	5.2503533	1.0758988	8.212589	0.0	174.5124	
767	5.2503533	1.0758988	8.212589	0.0	168.31949	
768	5.2503533	1.0758988	8.212589	0.0	161.17207	
769	5.2503533	1.0758988	8.212589	0.0	155.39767	
770	5.2503533	1.0758988	8.212589	0.0	149.66759	
771	5.2503533	1.0758988	8.212589	0.0	145.62622	
772	5.2503533	1.0758988	8.212589	0.0	142.44276	
773	5.2503533	1.0758988	8.212589	0.0	140.17216	
774	5.2503533	1.0758988	8.212589	0.0	138.85857	
775	5.2503533	1.0758988	8.212589	0.0	138.01794	
776	5.2503533	1.0758988	8.212589	0.0	137.63881	
777	5.2503533	1.0758988	8.212589	0.0	137.62747	
778	5.2503533	1.0758988	8.212589	0.0	137.62747	
779	5.2503533	1.0758988	8.212589	0.0	137.62747	
780	5.2503533	1.0758988	8.212589	0.0	138.24745	
781	5.2503533	1.0758988	8.212589	0.0	140.08318	
782	5.2503533	1.0758988	8.212589	0.0	143.06871	
783	5.2503533	1.0758988	8.212589	0.0	147.52751	
784	5.2503533	1.0758988	8.212589	0.0	152.05508	
785	5.2503533	1.0758988	8.212589	0.0	155.95769	
786	5.2503533	1.0758988	8.212589	0.0	159.89919	
787	5.2503533	1.0758988	8.212589	0.0	163.21077	
788	5.2503533	1.0758988	8.212589	0.0	166.48387	
789	5.2503533	1.0758988	8.212589	0.0	169.99846	
790	5.2503533	1.0758988	8.212589	0.0	172.9087	
791	5.2503533	1.0758988	8.212589	0.0	175.18318	
792	5.2503533	1.0758988	8.212589	0.0	176.86052	
793	5.2503533	1.0758988	8.212589	0.0	178.12212	
794	5.2503533	1.0758988	8.212589	0.0	178.69203	
795	5.2503533	1.0758988	8.212589	0.0	178.88171	
796	5.2503533	1.0758988	8.212589	0.0	179.11885	
797	5.2503533	1.0758988	8.212589	0.0	179.11885	
798	5.2503533	1.0758988	8.212589	0.0	178.77675	
799	5.2503533	1.0758988	8.212589	0.0	176.46509	
800	5.2503533	1.0758988	8.212589	0.0	171.72571	
801	5.2503533	1.0758988	8.212589	0.0	165.56631	
802	5.2503533	1.0758988	8.212589	0.0	157.54411	
803	5.2503533	1.0758988	8.212589	0.0	150.01622	
804	5.2503533	1.0758988	8.212589	0.0	140.80583	
805	5.2503533	1.0758988	8.212589	0.0	133.31273	
806	5.2503533	1.0758988	8.212589	0.0	126.346214	
807	5.2503533	1.0758988	8.212589	0.0	119.03161	
808	5.2503533	1.0758988	8.212589	0.0	113.37029	
809	5.2503533	1.0758988	8.212589	0.0	107.43094	
810	5.2503533	1.0758988	8.212589	0.0	102.276794	
811	5.2503533	1.0758988	8.212589	0.0	96.91014	
812	5.2503533	1.0758988	8.212589	0.0	92.0579	
813	5.2503533	1.0758988	8.212589	0.0	87.01062	
814	5.2503533	1.0758988	8.212589	0.0	82.46048	
815	5.2503533	1.0758988	8.212589	0.0	77.82956	
816	5.2503533	1.0758988	8.212589	0.0	73.495476	
817	5.2503533	1.0758988	8.212589	0.0	68.84767	
818	5.2503533	1.0758988	8.212589	0.0	63.93306	
819	5.2503533	1.0758988	8.212589	0.0	59.09394	
820	5.2503533	1.0758988	8.212589	0.0	54.283936	
821	5.2503533	1.0758988	8.212589	0.0	50.12955	
822	5.2503533	1.0758988	8.212589	0.0	45.736057	
823	5.2503533	1.0758988	8.212589	0.0	41.892982	
824	5.2503533	1.0758988	8.212589	0.0	38.13849	
825	5.2503533	1.0758988	8.212589	0.0	34.49979	
826	5.2503533	1.0758988	8.212589	0.0	31.732067	
827	5.2503533	1.0758988	8.212589	0.0	29.441319	
828	5.2503533	1.0758988	8.212589	0.0	26.885607	
829	5.2503533	1.0758988	8.212589	0.0	24.522127	
830	5.2503533	1.0758988	8.212589	0.0	22.306911	
831	5.2503533	1.0758988	8.212589	0.0	20.452282	
832	5.2503533	1.0758988	8.212589	0.0	18.381992	
833	5.2503533	1.0758988	8.212589	0.0	15.798346	
834	5.2503533	1.0758988	8.212589	0.0	13.202511	
835	5.2503533	1.0758988	8.212589	0.0	10.867204	
836	5.2503533	1.0758988	8.212589	0.0	8.981825	
837	5.2503533	1.0758988	8.212589	0.0	6.5549707	
838	5.2503533	1.0758988	8.212589	0.0	4.4565043	
839	5.2503533	1.0758988	8.212589	0.0	2.5666113	
840	5.2503533	1.0758988	8.212589	0.0	0.90788954	
841	5.2503533	1.0758988	8.212589	0.0	0.0	
842	5.2503533	1.0758988	8.212589	0.0	0.0	
843	5.2503533	1.0758988	8.212589	0.0	0.0	
844	5.2503533	1.0758988	8.212589	0.0	0.0	
845	5.2503533	1.0758988	8.212589	0.0	0.0	
846	5.2503533	1.0758988	8.212589	0.0	0.0	
847	5.2503533	1.0758988	8.212589	0.0	0.0	
848	5.2503533	1.0758988	8.212589	0.0	0.0	
849	5.2503533	1.0758988	8.212589	0.0	0.0	
850	5.2503533	1.0758988	8.212589	0.0	0.0	
851	5.2503533	1.0758988	8.212589	0.0	0.0	
852	5.2503533	1.0758988	8.212589	0.0	0.0	
853	5.2503533	1.0758988	8.212589	0.0	0.0	
854	5.2503533	1.0758988	8.212589	0.0	0.0	
855	5.2503533	1.0758988	8.212589	0.0	0.0	
856	5.2503533	1.0758988	8.212589	0.0	0.0	
857	5.2503533	1.0758988	8.212589	0.0	0.0	
858	5.2503533	1.0758988	8.212589	0.0	0.0	
859	5.2503533	1.0758988	8.212589	0.0	0.0	
860	5.2503533	1.0758988	8.212589	0.0	0.0	
861	5.2503533	1.0758988	8.212589	0.0	0.0	
862	5.2503533	1.0758988	8.212589	0.0	0.0	
863	5.2503533	1.0758988	8.212589	0.0	0.0	
864	5.2503533	1.0758988	8.212589	0.0	0.0	
865	5.2503533	1.0758988	8.212589	0.0	0.0	
866	5.2503533	1.0758988	8.212589	0.0	0.0	
867	5.2503533	1.0758988	8.212589	0.0	0.0	
868	5.2503533	1.0758988	8.212589	0.0	0.0	
869	5.2503533	1.0758988	8.212589	0.0	0.0	
870	5.2503533	1.0758988	8.212589	0.0	0.0	
871	5.2503533	1.0758988	8.212589	0.0	0.0	
872	5.2503533	1.0758988	8.212589	0.0	0.0	
873	5.2503533	1.0758988	8.212589	0.0	0.0	
874	5.2503533	1.0758988	8.212589	0.0	0.0	
875	5.2503533	1.0758988	8.212589	0.0	0.0	
876	5.2503533	1.0758988	8.212589	0.0	0.0	
877	5.2503533	1.0758988	8.212589	0.0	0.0	
878	5.2503533	1.0758988	8.212589	0.0	0.0	
879	5.2503533	1.0758988	8.212589	0.0	0.0	
880	5.2503533	1.0758988	8.212589	0.0	0.0	
881	5.2503533	1.0758988	8.212589	0.0	0.0	
882	5.2503533	1.0758988	8.212589	0.0	0.0	
883	5.2503533	1.0758988	8.212589	0.0	0.0	
884	5.2503533	1.0758988	8.212589	0.0	0.0	
885	5.2503533	1.0758988	8.212589	0.0	0.0	
886	5.2503533	1.0758988	8.212589	0.0	0.0	
887	5.2503533	1.0758988	8.212589	0.0	0.0	
888	5.2503533	1.0758988	8.212589	0.0	0.0	
889	5.2503533	1.0758988	8.212589	0.0	0.0	
890	5.2503533	1.0758988	8.212589	0.0	0.0	
891	5.2503533	1.0758988	8.212589	0.0	0.0	
892	5.2503533	1.0758988	8.212589	0.0	0.0	
893	5.2503533	1.0758988	8.212589	0.0	0.0	
894	5.2503533	1.0758988	8.212589	0.0	0.0	
895	5.2503533	1.0758988	8.212589	0.0	0.0	
896	5.2503533	1.0758988	8.212589	0.0	0.0	
897	5.2503533	1.0758988	8.212589	0.0	0.0	
898	5.2503533	1.0758988	8.212589	0.0	0.0	
899	5.2503533	1.0758988	8.212589	0.0	0.0	
900	5.2503533	1.0758988	8.212589	0.0	0.0	
901	5.2503533	1.0758988	8.212589	0.0	0.0	
902	5.2503533	1.0758988	8.212589	0.0	0.0	
903	5.2503533	1.0758988	8.212589	0.0	0.0	
904	5.2503533	1.0758988	8.212589	0.0	0.0	
905	5.2503533	1.0758988	8.212589	0.0	0.0	
906	5.2503533	1.0758988	8.212589	0.0	0.0	
907	5.2503533	1.0758988	8.212589	0.0	0.0	
908	5.2503533	1.0758988	8.212589	0.0	0.0	
909	5.2503533	1.0758988	8.212589	0.0	0.0	
910	5.2503533	1.0758988	8.212589	0.0	0.0	
911	5.2503533	1.0758988	8.212589	0.0	0.0	
912	5.2503533	1.0758988	8.212589	0.0	0.0	
913	5.2503533	1.0758988	8.212589	0.0	0.0	
914	5.2503533	1.0758988	8.212589	0.0	0.0	
915	5.2503533	1.0758988	8.212589	0.0	0.0	
916	5.2503533	1.0758988	8.212589	0.0	0.0	
917	5.2503533	1.0758988	8.212589	0.0	0.0	
918	5.2503533	1.0758988	8.212589	0.0	0.0	
919	5.2503533	1.0758988	8.212589	0.0	0.0	
920	5.2503533	1.0758988	8.212589	0.0	0.0	
921	5.2503533	1.0758988	8.212589	0.0	0.0	
922	5.2503533	1.0758988	8.212589	0.0	0.0	
923	5.2503533	1.0758988	8.212589	0.0	0.0	
924	5.2503533	1.0758988	8.212589	0.0	0.0	
925	5.2503533	1.0758988	8.212589	0.0	0.0	
926	5.2503533	1.0758988	8.212589	0.0	0.0	
927	5.2503533	1.0758988	8.212589	0.0	0.0	
928	5.2503533	1.0758988	8.212589	0.0	0.0	
929	5.2503533	1.0758988	8.212589	0.0	0.0	
930	5.2503533	1.0758988	8.212589	0.0	0.0	
931	5.2503533	1.0758988	8.212589	0.0	0.0	
932	5.2503533	1.0758988	8.212589	0.0	0.0	
933	5.2503533	1.0758988	8.212589	0.0	0.0	
934	5.2503533	1.0758988	8.212589	0.0	0.0	
935	5.2503533	1.0758988	8.212589	0.0	0.0	
936	5.2503533	1.0758988	8.212589	0.0	0.0	
937	5.2503533	1.0758988	8.212589	0.0	0.0	
938	5.2503533	1.0758988	8.212589	0.0	0.0	
939	5.2503533	1.0758988	8.212589	0.0	0.0	
940	5.2503533	1.0758988	8.212589	0.0	0.0	
